6523.157 0.0011025
6523.583 0.0011118
6524.008 0.0011206
6524.434 0.0011319
6524.86 0.0011415
6525.286 0.0011489
6525.711 0.0011545
6526.137 0.0011711
6526.563 0.0011811
6526.989 0.0011909
6527.415 0.0012
6527.841 0.0012105
6528.268 0.0012204
6528.694 0.0012302
6529.12 0.0012399
6529.546 0.0012492
6529.973 0.0012598
6530.399 0.0012702
6530.826 0.0012806
6531.252 0.0012912
6531.679 0.0013015
6532.105 0.001312
6532.532 0.0013206
6532.959 0.0013329
6533.386 0.0013436
6533.812 0.0013538
6534.239 0.0013561
6534.667 0.001375
6535.093 0.0013856
6535.521 0.0013958
6535.948 0.0014016
6536.375 0.0014158
6536.802 0.0014266
6537.229 0.0014379
6537.657 0.0014484
6538.084 0.001459
6538.512 0.0014658
6538.939 0.00148
6539.367 0.0014905
6539.794 0.0015012
6540.222 0.0015118
6540.65 0.0015225
6541.078 0.0015333
6541.506 0.0015435
6541.934 0.0015547
6542.362 0.0015647
6542.79 0.0015763
6543.218 0.0015868
6543.646 0.0015977
6544.074 0.0016037
6544.502 0.0016191
6544.931 0.0016291
6545.359 0.0016401
6545.788 0.0016363
6546.216 0.0016617
6546.645 0.0016725
6547.073 0.0016836
6547.502 0.0016915
6547.931 0.001705
6548.36 0.0017159
6548.789 0.0017263
6549.217 0.001737
6549.646 0.0017423
6550.075 0.0017581
6550.504 0.0017572
6550.934 0.001777
6551.363 0.0017882
6551.792 0.0017979
6552.221 0.001808
6552.65 0.0018177
6553.08 0.0018279
6553.509 0.0018372
6553.939 0.0018461
6554.369 0.0018426
6554.798 0.0018667
6555.228 0.0018771
6555.658 0.0018823
6556.087 0.001896
6556.517 0.0019059
6556.947 0.0019157
6557.377 0.0019257
6557.807 0.0019361
6558.237 0.0019461
6558.667 0.0019557
6559.098 0.0019589
6559.528 0.0019749
6559.958 0.001982
6560.388 0.001994
6560.819 0.0020046
6561.249 0.0020142
6561.68 0.0020236
6562.11 0.0020287
6562.541 0.0020419
6562.972 0.0020488
6563.402 0.0020612
6563.833 0.0020701
6564.264 0.0020786
6564.695 0.0020898
6565.126 0.0020953
6565.557 0.0021082
6565.988 0.0021063
6566.419 0.0021267
6566.851 0.002137
6567.282 0.0021462
6567.713 0.002156
6568.145 0.0021654
6568.576 0.0021737
6569.007 0.0021844
6569.439 0.0021933
6569.871 0.0022031
6570.302 0.0022119
6570.734 0.0022174
6571.166 0.0022301
6571.598 0.0022409
6572.029 0.0022499
6572.461 0.0022587
6572.894 0.002269
6573.326 0.0022786
6573.757 0.0022777
6574.19 0.0022972
6574.622 0.0023072
6575.054 0.0023168
6575.487 0.0023246
6575.919 0.0023357
6576.352 0.0023445
6576.784 0.002338
6577.216 0.0023641
6577.649 0.0023733
6578.082 0.0023821
6578.515 0.002392
6578.947 0.002402
6579.38 0.0024117
6579.813 0.0024209
6580.246 0.0024308
6580.679 0.0024402
6581.112 0.0024496
6581.545 0.0024603
6581.979 0.0024702
6582.412 0.0024768
6582.845 0.0024893
6583.278 0.0025003
6583.712 0.0025099
6584.146 0.0025191
6584.579 0.0025297
6585.013 0.0025378
6585.446 0.0025474
6585.88 0.0025597
6586.313 0.0025696
6586.748 0.0025795
6587.181 0.0025882
6587.615 0.0025969
6588.049 0.0026091
6588.483 0.0026109
6588.917 0.0026281
6589.352 0.0026392
6589.786 0.0026486
6590.22 0.0026581
6590.654 0.0026709
6591.089 0.0026826
6591.523 0.0026943
6591.958 0.0027057
6592.393 0.0027172
6592.827 0.0027281
6593.262 0.0027403
6593.696 0.0027517
6594.131 0.0027629
6594.566 0.0027746
6595.001 0.0027851
6595.436 0.0027967
6595.871 0.0028089
6596.306 0.0028179
6596.741 0.0028321
6597.176 0.0028432
6597.612 0.0028552
6598.047 0.0028659
6598.482 0.0028776
6598.918 0.002889
6599.353 0.0029012
6599.789 0.0029127
6600.225 0.0029252
6600.66 0.0029384
6601.096 0.0029472
6601.532 0.0029648
6601.967 0.0029792
6602.403 0.0029919
6602.839 0.0030064
6603.275 0.0030199
6603.711 0.0030323
6604.147 0.0030444
6604.583 0.0030598
6605.02 0.0030741
6605.456 0.0030867
6605.893 0.003101
6606.329 0.0031147
6606.765 0.0031274
6607.202 0.0031403
6607.639 0.0031552
6608.075 0.0031686
6608.512 0.0031818
6608.949 0.0031959
6609.385 0.0032093
6609.822 0.0032228
6610.259 0.0032383
6610.696 0.0032547
6611.133 0.003271
6611.57 0.0032869
6612.007 0.0033038
6612.445 0.0033205
6612.882 0.0033369
6613.319 0.0033527
6613.757 0.0033682
6614.194 0.003384
6614.631 0.0034027
6615.069 0.0034191
6615.507 0.0034355
6615.944 0.0034522
6616.382 0.0034686
6616.82 0.003485
6617.258 0.0035011
6617.696 0.0035175
6618.134 0.0035345
6618.572 0.0035509
6619.01 0.003567
6619.448 0.0035837
6619.886 0.0036004
6620.324 0.0036208
6620.763 0.0036423
6621.201 0.0036644
6621.64 0.0036862
6622.078 0.0037083
6622.517 0.0037301
6622.955 0.0037518
6623.394 0.0037733
6623.833 0.0037951
6624.271 0.0038175
6624.71 0.0038387
6625.149 0.0038611
6625.588 0.0038833
6626.027 0.0039051
6626.466 0.0039268
6626.905 0.0039486
6627.344 0.0039704
6627.784 0.0039926
6628.223 0.0040134
6628.662 0.0040362
6629.102 0.004058
6629.541 0.0040798
6629.981 0.0041002
6630.42 0.0041316
6630.86 0.0041619
6631.3 0.0041926
6631.74 0.0042234
6632.179 0.0042537
6632.619 0.004284
6633.059 0.0043144
6633.499 0.0043451
6633.939 0.0043743
6634.379 0.0044054
6634.819 0.0044346
6635.26 0.0044665
6635.7 0.0044973
6636.141 0.0045277
6636.581 0.0045576
6637.021 0.0045884
6637.462 0.0046192
6637.902 0.0046495
6638.343 0.0046799
6638.784 0.0047103
6639.225 0.0047407
6639.666 0.0047715
6640.106 0.004804
6640.547 0.0048478
6640.988 0.0048908
6641.429 0.0049338
6641.87 0.0049772
6642.312 0.0050203
6642.753 0.0050628
6643.194 0.0051066
6643.635 0.0051496
6644.077 0.0051909
6644.518 0.0052343
6644.96 0.0052787
6645.401 0.0053221
6645.843 0.0053637
6646.285 0.0054082
6646.727 0.0054517
6647.168 0.0054946
6647.61 0.0055377
6648.052 0.0055807
6648.494 0.0056238
6648.936 0.0056673
6649.378 0.0057103
6649.82 0.0057533
6650.263 0.005808
6650.705 0.0058688
6651.147 0.0059327
6651.59 0.0059958
6652.032 0.0060582
6652.475 0.0061212
6652.917 0.0061836
6653.36 0.0062461
6653.803 0.0063081
6654.246 0.0063717
6654.688 0.0064335
6655.131 0.0064965
6655.574 0.0065591
6656.017 0.0066221
6656.46 0.0066846
6656.903 0.0067464
6657.346 0.0068096
6657.79 0.0068721
6658.233 0.0069352
6658.676 0.0069976
6659.12 0.0070603
6659.563 0.0071227
6660.007 0.0071863
6660.45 0.0072789
6660.894 0.0073715
6661.337 0.007464
6661.781 0.0075566
6662.225 0.0076486
6662.669 0.0077426
6663.113 0.0078352
6663.557 0.0079265
6664.001 0.0080212
6664.445 0.0081138
6664.889 0.0082065
6665.333 0.0082998
6665.778 0.0083925
6666.222 0.0084852
6666.667 0.0085779
6667.111 0.0086697
6667.556 0.0087625
6668.0 0.0088566
6668.445 0.0089493
6668.89 0.0090429
6669.334 0.0091354
6669.779 0.0092281
6670.224 0.0093449
6670.669 0.0094852
6671.114 0.0096263
6671.559 0.0097667
6672.004 0.009907
6672.449 0.0100474
6672.895 0.010187
6673.34 0.010329
6673.785 0.0104694
6674.231 0.0106099
6674.676 0.010751
6675.122 0.0108916
6675.567 0.0110318
6676.013 0.0111724
6676.459 0.0113138
6676.905 0.0114542
6677.351 0.0115948
6677.796 0.011736
6678.242 0.0118765
6678.688 0.0120169
6679.134 0.0121573
6679.581 0.0122981
6680.027 0.0124441
6680.473 0.012661
6680.919 0.0128776
6681.366 0.0130949
6681.812 0.0133126
6682.259 0.0135297
6682.705 0.0137464
6683.152 0.0139634
6683.599 0.0141819
6684.045 0.0143983
6684.492 0.0146155
6684.939 0.0148324
6685.386 0.0150483
6685.833 0.0152678
6686.28 0.0154846
6686.727 0.0157017
6687.174 0.0159199
6687.621 0.016137
6688.068 0.0163538
6688.516 0.0165713
6688.963 0.0167881
6689.411 0.017007
6689.858 0.0172237
6690.306 0.0175222
6690.753 0.0178571
6691.201 0.0181946
6691.649 0.0185302
6692.097 0.0188661
6692.544 0.0192009
6692.993 0.0195392
6693.44 0.019874
6693.889 0.0202105
6694.336 0.0205452
6694.785 0.0208835
6695.233 0.0212189
6695.681 0.0215546
6696.129 0.02189
6696.578 0.0222263
6697.026 0.0225635
6697.475 0.0228999
6697.924 0.0232358
6698.372 0.0235714
6698.821 0.0239093
6699.27 0.0242455
6699.719 0.0245817
6700.167 0.0249761
6700.617 0.025475
6701.065 0.025969
6701.515 0.0264656
6701.964 0.0269606
6702.413 0.0274585
6702.862 0.0279534
6703.312 0.0284499
6703.761 0.0289452
6704.21 0.02944
6704.66 0.029939
6705.109 0.0304337
6705.559 0.03093
6706.009 0.0314284
6706.458 0.0319235
6706.908 0.0324197
6707.358 0.0329153
6707.808 0.0334114
6708.258 0.0339098
6708.708 0.0344059
6709.158 0.0349018
6709.608 0.0353972
6710.059 0.0359149
6710.509 0.0365444
6710.959 0.0371746
6711.409 0.0378046
6711.86 0.0384353
6712.311 0.03907
6712.761 0.0396999
6713.211 0.0403291
6713.662 0.0409602
6714.113 0.0415943
6714.564 0.0422254
6715.015 0.0428564
6715.466 0.0434867
6715.917 0.0441214
6716.368 0.0447523
6716.819 0.0453825
6717.27 0.0460133
6717.721 0.046648
6718.173 0.0472794
6718.624 0.04791
6719.076 0.048542
6719.527 0.0491761
6719.979 0.049808
6720.43 0.0504067
6720.882 0.0510045
6721.333 0.0516016
6721.785 0.0522045
6722.237 0.0528022
6722.689 0.0534004
6723.141 0.0539986
6723.593 0.0546009
6724.045 0.055199
6724.498 0.0557984
6724.95 0.0563964
6725.402 0.0569937
6725.854 0.0575966
6726.307 0.0581958
6726.759 0.058793
6727.211 0.0593959
6727.664 0.059995
6728.117 0.060594
6728.569 0.061191
6729.022 0.0617899
6729.475 0.0623941
6729.928 0.0629929
6730.381 0.0634004
6730.834 0.0637724
6731.287 0.0641443
6731.74 0.0645217
6732.193 0.0648932
6732.646 0.065265
6733.1 0.0656376
6733.553 0.0660094
6734.007 0.0663873
6734.46 0.066759
6734.914 0.0671314
6735.367 0.0675031
6735.821 0.067881
6736.275 0.0682534
6736.729 0.0686257
6737.183 0.068998
6737.636 0.0693756
6738.09 0.0697474
6738.544 0.0701197
6738.999 0.0704927
6739.453 0.0708648
6739.907 0.0712432
6740.361 0.0714544
6740.815 0.0716244
6741.27 0.0717949
6741.725 0.0719653
6742.179 0.0721416
6742.634 0.0723118
6743.088 0.0724819
6743.543 0.0726523
6743.998 0.0728226
6744.453 0.0729993
6744.908 0.0731696
6745.363 0.0733398
6745.817 0.0735097
6746.272 0.07368
6746.728 0.073857
6747.183 0.0740273
6747.638 0.0741976
6748.094 0.0743682
6748.549 0.0745447
6749.004 0.0747149
6749.46 0.0748854
6749.916 0.075056
6750.371 0.0752143
6750.827 0.0753768
6751.283 0.0755327
6751.739 0.0756885
6752.194 0.0758441
6752.65 0.076
6753.106 0.0761625
6753.562 0.0763183
6754.019 0.0764745
6754.475 0.0766304
6754.931 0.0767929
6755.387 0.0769487
6755.844 0.0771049
6756.3 0.0772605
6756.757 0.0774166
6757.213 0.0775724
6757.67 0.0777352
6758.126 0.0778909
6758.583 0.078047
6759.04 0.078203
6759.497 0.0783659
6759.954 0.0785219
6760.411 0.0788037
6760.868 0.0790995
6761.325 0.0793953
6761.782 0.0796979
6762.24 0.0799943
6762.697 0.0802897
6763.154 0.0805854
6763.612 0.0808887
6764.069 0.0811843
6764.527 0.0814806
6764.984 0.0817762
6765.442 0.0820723
6765.9 0.0823685
6766.358 0.0826718
6766.815 0.0829673
6767.273 0.0832634
6767.731 0.0835595
6768.189 0.0838628
6768.647 0.0841588
6769.106 0.0844554
6769.564 0.0847514
6770.022 0.0850548
6770.48 0.0855139
6770.939 0.0859665
6771.397 0.0864182
6771.856 0.0868707
6772.315 0.0873232
6772.773 0.0877823
6773.232 0.0882348
6773.691 0.0886872
6774.15 0.0891396
6774.609 0.0895919
6775.068 0.090052
6775.527 0.0905042
6775.986 0.0909564
6776.445 0.0914086
6776.904 0.0918687
6777.364 0.0923218
6777.823 0.0927743
6778.282 0.0932263
6778.742 0.0936793
6779.201 0.0941394
6779.661 0.0945923
6780.121 0.0950508
6780.581 0.095525
6781.04 0.0959981
6781.5 0.0964806
6781.96 0.0969546
6782.42 0.0974287
6782.88 0.0979027
6783.34 0.0983766
6783.8 0.0988591
6784.261 0.0993345
6784.721 0.0998083
6785.181 0.1002821
6785.642 0.1007569
6786.102 0.1012306
6786.562 0.101713
6787.023 0.1021877
6787.484 0.1026623
6787.945 0.1031368
6788.405 0.1036103
6788.866 0.1040853
6789.327 0.1045687
6789.788 0.1050431
6790.249 0.1054869
6790.71 0.1059046
6791.171 0.1063222
6791.633 0.10675
6792.094 0.107168
6792.555 0.1075856
6793.017 0.108004
6793.478 0.1084214
6793.94 0.1088398
6794.401 0.1092666
6794.863 0.1096849
6795.325 0.1101036
6795.787 0.1105217
6796.249 0.1109399
6796.71 0.1113571
6797.172 0.1117848
6797.634 0.1122029
6798.097 0.1126222
6798.559 0.1130401
6799.021 0.1134581
6799.483 0.1138858
6799.946 0.1143046
6800.408 0.1147494
6800.871 0.1151982
6801.333 0.115646
6801.796 0.1160847
6802.258 0.1165525
6802.721 0.1170017
6803.184 0.1174503
6803.647 0.1178989
6804.11 0.1183474
6804.573 0.1187963
6805.036 0.1192551
6805.499 0.1196931
6805.962 0.1201519
6806.425 0.1206002
6806.889 0.1210499
6807.352 0.1214982
6807.815 0.1219569
6808.279 0.122406
6808.742 0.1228334
6809.206 0.1233037
6809.67 0.1237527
6810.133 0.1242307
6810.597 0.1247958
6811.061 0.1253496
6811.525 0.1259033
6811.989 0.1264569
6812.453 0.1270111
6812.917 0.1275646
6813.381 0.1281292
6813.846 0.1286844
6814.31 0.1292266
6814.774 0.1297911
6815.239 0.1303456
6815.704 0.1308779
6816.168 0.1314651
6816.633 0.1320194
6817.097 0.1325731
6817.562 0.1331273
6818.027 0.1336815
6818.492 0.1342362
6818.957 0.1347669
6819.422 0.1353559
6819.887 0.1359104
6820.352 0.1365385
6820.817 0.1371903
6821.282 0.1378427
6821.748 0.1384956
6822.213 0.1391592
6822.679 0.1398007
6823.144 0.1404642
6823.61 0.141117
6824.075 0.141769
6824.541 0.1424216
6825.007 0.1430617
6825.473 0.1437148
6825.938 0.1443908
6826.404 0.145018
6826.871 0.1456975
6827.336 0.1463484
6827.803 0.1470025
6828.269 0.1476674
6828.735 0.1483195
6829.202 0.1489606
6829.668 0.1496255
6830.135 0.150298
6830.601 0.1510172
6831.068 0.1517109
6831.534 0.1524694
6832.001 0.1531892
6832.468 0.1539088
6832.935 0.1546291
6833.402 0.1553485
6833.869 0.1560686
6834.336 0.1568013
6834.803 0.1574939
6835.27 0.1582265
6835.737 0.1589591
6836.205 0.1596802
6836.672 0.1603988
6837.139 0.1611321
6837.607 0.1618521
6838.074 0.1625712
6838.542 0.163291
6839.01 0.1640106
6839.478 0.1647166
6839.945 0.1654488
6840.413 0.1662349
6840.881 0.1670306
6841.349 0.167885
6841.817 0.1686804
6842.285 0.1695058
6842.753 0.1703008
6843.222 0.1711277
6843.69 0.1719075
6844.159 0.1727193
6844.627 0.1735584
6845.096 0.1743852
6845.564 0.1751942
6846.033 0.1760057
6846.501 0.1767992
6846.97 0.1776257
6847.439 0.1784205
6847.908 0.1792469
6848.377 0.1800724
6848.846 0.1808832
6849.315 0.1817086
6849.784 0.1824719
6850.253 0.1834186
6850.723 0.1843976
6851.192 0.1853733
6851.662 0.1863681
6852.131 0.1873436
6852.601 0.188322
6853.07 0.1892972
6853.54 0.1902753
6854.01 0.1912522
6854.479 0.192228
6854.949 0.1931889
6855.419 0.1941317
6855.889 0.1951256
6856.359 0.1961524
6856.83 0.1971315
6857.3 0.1981245
6857.77 0.1990842
6858.24 0.2000781
6858.71 0.2010362
6859.181 0.202032
6859.651 0.2030071
6860.122 0.2040171
6860.593 0.2052027
6861.063 0.2063514
6861.534 0.2075379
6862.005 0.2087053
6862.476 0.2098374
6862.947 0.2110406
6863.418 0.2121903
6863.889 0.2133764
6864.36 0.2145243
6864.832 0.2156567
6865.303 0.2168611
6865.774 0.218008
6866.246 0.2191203
6866.717 0.2203042
6867.188 0.2214129
6867.66 0.2224269
6868.132 0.2235346
6868.604 0.2242146
6869.075 0.1801366
6869.547 0.1891952
6870.019 0.1587636
6870.491 0.1815685
6870.963 0.1495711
6871.436 0.2215497
6871.908 0.1445252
6872.38 0.2286789
6872.852 0.1755777
6873.325 0.1770616
6873.797 0.2302267
6874.27 0.1797569
6874.742 0.1741853
6875.215 0.2364932
6875.688 0.1813874
6876.16 0.2371019
6876.633 0.1802793
6877.106 0.2411581
6877.579 0.1890575
6878.052 0.246675
6878.525 0.1899187
6878.999 0.2464724
6879.472 0.2006489
6879.945 0.2518756
6880.418 0.254194
6880.892 0.2072337
6881.365 0.255673
6881.839 0.2253338
6882.312 0.260275
6882.786 0.2618091
6883.26 0.2632762
6883.734 0.2646322
6884.208 0.2654833
6884.682 0.2668622
6885.156 0.2674751
6885.63 0.2212261
6886.104 0.2675357
6886.578 0.2715895
6887.052 0.2714568
6887.527 0.2163272
6888.001 0.2687378
6888.476 0.2060767
6888.95 0.2687916
6889.425 0.2776082
6889.899 0.2787935
6890.374 0.2776864
6890.849 0.2129074
6891.324 0.2770981
6891.799 0.2072005
6892.274 0.2817515
6892.749 0.2843762
6893.224 0.2870351
6893.699 0.2852332
6894.174 0.2159464
6894.65 0.2827431
6895.125 0.2066881
6895.601 0.2868989
6896.076 0.2922798
6896.552 0.2926366
6897.027 0.2950345
6897.503 0.2918959
6897.979 0.2252843
6898.455 0.2906476
6898.931 0.2232859
6899.407 0.2979394
6899.883 0.3007035
6900.359 0.3022437
6900.835 0.3023901
6901.311 0.30193
6901.788 0.2369827
6902.264 0.2990633
6902.74 0.2348994
6903.217 0.3030622
6903.693 0.306276
6904.17 0.3073719
6904.647 0.3077769
6905.124 0.3081539
6905.601 0.3071907
6906.077 0.2459727
6906.554 0.3053723
6907.031 0.2500361
6907.508 0.3101803
6907.986 0.3117148
6908.463 0.3133325
6908.94 0.3134336
6909.417 0.3140765
6909.895 0.3148296
6910.373 0.262025
6910.85 0.3135866
6911.328 0.2609484
6911.805 0.3158585
6912.283 0.3164486
6912.761 0.3169293
6913.239 0.3177119
6913.717 0.3176984
6914.195 0.3188401
6914.673 0.3174203
6915.151 0.2786669
6915.629 0.316833
6916.107 0.2789547
6916.586 0.3193992
6917.064 0.3209888
6917.543 0.3203073
6918.021 0.3218162
6918.5 0.3212717
6918.979 0.3223667
6919.458 0.3215691
6919.937 0.2926006
6920.415 0.3217664
6920.894 0.2921785
6921.373 0.3226185
6921.852 0.3240236
6922.332 0.3238357
6922.811 0.3244867
6923.29 0.3242697
6923.77 0.3248936
6924.249 0.3242829
6924.728 0.3250751
6925.208 0.3009251
6925.688 0.3249751
6926.167 0.3023525
6926.647 0.3257744
6927.126 0.3265404
6927.606 0.3266871
6928.086 0.3273133
6928.566 0.3256523
6929.046 0.327409
6929.527 0.3276972
6930.007 0.3281558
6930.487 0.3152187
6930.968 0.3269394
6931.448 0.3129861
6931.928 0.3273066
6932.409 0.3293252
6932.89 0.3299799
6933.37 0.3291532
6933.851 0.3286381
6934.332 0.3308912
6934.813 0.331376
6935.294 0.3294294
6935.775 0.3293682
6936.256 0.3248239
6936.737 0.3326007
6937.218 0.3250038
6937.699 0.3325954
6938.181 0.3335699
6938.662 0.3339117
6939.144 0.3342831
6939.625 0.3303817
6940.107 0.3333392
6940.588 0.3354203
6941.07 0.3359142
6941.552 0.3322562
6942.034 0.3309084
6942.516 0.3341634
6942.998 0.3322855
6943.48 0.3383521
6943.962 0.334895
6944.444 0.3373753
6944.927 0.3402414
6945.409 0.340353
6945.892 0.3358397
6946.374 0.3417504
6946.856 0.3423902
6947.339 0.3429427
6947.822 0.3434361
6948.305 0.3426259
6948.788 0.3444229
6949.271 0.3354103
6949.753 0.343442
6950.236 0.3460552
6950.719 0.3443831
6951.203 0.3448583
6951.686 0.348335
6952.169 0.3493544
6952.652 0.3479616
6953.136 0.3502199
6953.619 0.3514214
6954.103 0.3522922
6954.586 0.353253
6955.07 0.3533928
6955.554 0.3502864
6956.038 0.3550424
6956.522 0.3564347
6957.006 0.3570914
6957.49 0.3575016
6957.974 0.3580946
6958.458 0.3469419
6958.942 0.3601776
6959.427 0.360647
6959.911 0.3618307
6960.396 0.3626766
6960.88 0.3637189
6961.364 0.3589718
6961.849 0.3656493
6962.334 0.3667248
6962.818 0.3675134
6963.303 0.3601199
6963.788 0.3699515
6964.273 0.3710917
6964.758 0.3721043
6965.244 0.3731197
6965.729 0.3737778
6966.214 0.3750149
6966.699 0.3739869
6967.185 0.3764565
6967.67 0.3782473
6968.156 0.3792609
6968.641 0.3802406
6969.127 0.3813194
6969.612 0.382199
6970.098 0.3833062
6970.584 0.3845218
6971.07 0.3856382
6971.556 0.3868552
6972.042 0.3879375
6972.528 0.3883498
6973.015 0.3884582
6973.5 0.3908794
6973.987 0.3925689
6974.474 0.3937204
6974.96 0.3948345
6975.446 0.3957777
6975.933 0.3971672
6976.42 0.3981455
6976.906 0.3993265
6977.393 0.400649
6977.88 0.4017635
6978.367 0.4028789
6978.854 0.4041318
6979.341 0.4026296
6979.828 0.4063952
6980.315 0.407535
6980.803 0.4084626
6981.29 0.409209
6981.777 0.4110491
6982.265 0.4119745
6982.752 0.4133218
6983.24 0.411999
6983.728 0.4153459
6984.216 0.4163739
6984.704 0.4179054
6985.191 0.4190391
6985.679 0.420176
6986.167 0.4209855
6986.655 0.4213207
6987.144 0.4235493
6987.632 0.4240267
6988.12 0.4255637
6988.608 0.4199306
6989.097 0.4280555
6989.585 0.4277126
6990.074 0.4303002
6990.562 0.4308512
6991.051 0.4236536
6991.54 0.4332187
6992.029 0.433731
6992.518 0.4322948
6993.007 0.4350127
6993.496 0.4364224
6993.985 0.4380589
6994.475 0.4390593
6994.964 0.4390352
6995.453 0.4355513
6995.942 0.4383643
6996.432 0.4416438
6996.921 0.4438979
6997.411 0.4449362
6997.9 0.44578
6998.39 0.4468183
6998.88 0.4476247
6999.37 0.4487784
6999.86 0.4479599
7000.35 0.4498571
7000.84 0.4427731
7001.33 0.4507248
7001.82 0.4524213
7002.311 0.4529931
7002.801 0.4532507
7003.292 0.4542509
7003.782 0.4550161
7004.272 0.4544491
7004.763 0.4559595
7005.254 0.4570394
7005.745 0.457649
7006.235 0.4556951
7006.727 0.4528244
7007.217 0.455956
7007.708 0.4591728
7008.2 0.4592265
7008.691 0.4607448
7009.182 0.46167
7009.673 0.4623564
7010.165 0.4625628
7010.656 0.463719
7011.148 0.4630429
7011.639 0.4624045
7012.131 0.4644808
7012.623 0.4641621
7013.115 0.460081
7013.606 0.4652816
7014.098 0.465362
7014.59 0.4659223
7015.083 0.4657625
7015.575 0.4662029
7016.067 0.4667235
7016.559 0.4670839
7017.051 0.4658776
7017.544 0.4668407
7018.036 0.4647464
7018.529 0.460105
7019.021 0.4684044
7019.514 0.4673553
7020.007 0.4691218
7020.5 0.4686883
7020.993 0.4690206
7021.486 0.4675392
7021.979 0.4685165
7022.472 0.4680427
7022.965 0.4680525
7023.458 0.4684251
7023.952 0.4688779
7024.445 0.4673971
7024.938 0.4686961
7025.432 0.4618497
7025.926 0.468756
7026.419 0.4687254
7026.913 0.4676076
7027.407 0.4687852
7027.901 0.4686338
7028.395 0.4674356
7028.889 0.4648667
7029.383 0.4612862
7029.877 0.4658943
7030.371 0.4684803
7030.866 0.4675635
7031.36 0.4679345
7031.854 0.4676215
7032.349 0.4674289
7032.843 0.4675982
7033.338 0.4674456
7033.833 0.4671325
7034.328 0.4668998
7034.822 0.4668681
7035.317 0.4666755
7035.812 0.4664828
7036.307 0.4662503
7036.802 0.4660979
7037.298 0.465825
7037.793 0.4656325
7038.288 0.4655599
7038.784 0.4652473
7039.279 0.4600582
7039.775 0.4646628
7040.271 0.464744
7040.766 0.4642623
7041.262 0.4628233
7041.758 0.4581513
7042.253 0.4638141
7042.75 0.463611
7043.246 0.4634879
7043.742 0.462211
7044.238 0.4630032
7044.734 0.4629595
7045.23 0.4624391
7045.727 0.462276
7046.223 0.4618354
7046.72 0.4619501
7047.216 0.4619065
7047.713 0.4618225
7048.21 0.4616196
7048.707 0.4599907
7049.204 0.460541
7049.7 0.460972
7050.197 0.4601697
7050.694 0.4606441
7051.192 0.4601296
7051.689 0.4604456
7052.186 0.4596154
7052.684 0.4570453
7053.181 0.4596148
7053.679 0.4594958
7054.176 0.4589035
7054.674 0.4560987
7055.171 0.4596525
7055.669 0.4591785
7056.167 0.4594932
7056.665 0.4584281
7057.163 0.4592552
7057.661 0.4588999
7058.159 0.4586628
7058.657 0.4584651
7059.156 0.4563767
7059.654 0.458621
7060.152 0.4574347
7060.651 0.457863
7061.149 0.4584879
7061.648 0.4582469
7062.147 0.4579273
7062.646 0.4579225
7063.145 0.4585472
7063.644 0.457598
7064.143 0.4584589
7064.642 0.4581787
7065.141 0.457426
7065.64 0.4584444
7066.139 0.4584395
7066.638 0.4576084
7067.138 0.4585478
7067.637 0.4566144
7068.137 0.458184
7068.636 0.4579824
7069.136 0.4584103
7069.636 0.4579332
7070.136 0.4585848
7070.636 0.4580881
7071.136 0.458654
7071.636 0.458787
7072.136 0.4589199
7072.636 0.4588166
7073.136 0.4591465
7073.637 0.458925
7074.137 0.4586243
7074.637 0.4589936
7075.138 0.4594815
7075.639 0.4590624
7076.139 0.4597869
7076.64 0.4592493
7077.141 0.4592638
7077.642 0.4597914
7078.143 0.4598453
7078.644 0.4602547
7079.145 0.4603087
7079.646 0.4590986
7080.147 0.4589321
7080.648 0.4599925
7081.15 0.4606186
7081.651 0.4598605
7082.153 0.4611987
7082.655 0.4613506
7083.156 0.4608687
7083.658 0.4616935
7084.16 0.4616076
7084.662 0.4616801
7085.164 0.4621883
7085.666 0.4623399
7086.168 0.4624121
7086.67 0.4621671
7087.172 0.4627947
7087.674 0.4628668
7088.177 0.4624229
7088.679 0.4632496
7089.182 0.463441
7089.685 0.463394
7090.187 0.4617985
7090.69 0.4635104
7091.193 0.4637504
7091.696 0.4637915
7092.199 0.4643502
7092.702 0.464232
7093.205 0.4640736
7093.708 0.4648716
7094.211 0.4649523
7094.714 0.4651924
7095.218 0.4649541
7095.721 0.4653539
7096.225 0.4652749
7096.729 0.4655151
7097.232 0.4659949
7097.736 0.465436
7098.24 0.4661961
7098.744 0.4661966
7099.248 0.4665169
7099.751 0.4662766
7100.255 0.4668594
7100.76 0.4664239
7101.264 0.4666289
7101.769 0.4671147
7102.273 0.4670793
7102.777 0.4670437
7103.282 0.46765
7103.786 0.4676545
7104.291 0.4672579
7104.796 0.4681453
7105.301 0.4678688
7105.806 0.4680341
7106.311 0.4683598
7106.815 0.4686451
7107.32 0.4686093
7107.826 0.4685737
7108.331 0.4672506
7108.836 0.4690646
7109.342 0.4693103
7109.847 0.4690731
7110.353 0.4694753
7110.858 0.4692141
7111.364 0.4689931
7111.87 0.4695773
7112.375 0.4695576
7112.881 0.4696586
7113.387 0.4695181
7113.894 0.4694178
7114.399 0.4700828
7114.906 0.4700631
7115.412 0.4702045
7115.918 0.4697413
7116.425 0.4702857
7116.931 0.4703869
7117.438 0.4698429
7117.944 0.4703471
7118.451 0.4705289
7118.958 0.4706703
7119.465 0.4707311
7119.972 0.4706708
7120.479 0.469282
7120.985 0.4706727
7121.493 0.4702479
7122.0 0.4703878
7122.507 0.470689
7123.015 0.4706674
7123.522 0.4703636
7124.029 0.4704227
7124.537 0.4698769
7125.044 0.4705813
7125.552 0.4705597
7126.06 0.4702156
7126.568 0.4704762
7127.076 0.4702934
7127.584 0.4701912
7128.092 0.4703309
7128.6 0.4704705
7129.108 0.4703683
7129.616 0.4700242
7130.125 0.4692611
7130.633 0.4700618
7131.142 0.469492
7131.65 0.4695269
7132.159 0.4694005
7132.667 0.4695159
7133.176 0.4694699
7133.685 0.4693435
7134.194 0.4694586
7134.703 0.4693321
7135.212 0.4694874
7135.721 0.4694414
7136.23 0.4687519
7136.74 0.4691883
7137.25 0.4691423
7137.759 0.4690963
7138.268 0.4690503
7138.778 0.4688837
7139.288 0.4668685
7139.797 0.4683096
7140.307 0.4684419
7140.817 0.4685997
7141.327 0.4682757
7141.837 0.4682328
7142.347 0.4673873
7142.857 0.4676655
7143.367 0.4679031
7143.878 0.4674991
7144.388 0.4675362
7144.898 0.4662111
7145.409 0.4673698
7145.92 0.4672465
7146.43 0.4670833
7146.941 0.4667199
7147.452 0.4667566
7147.963 0.4662735
7148.474 0.4663502
7148.985 0.4666268
7149.496 0.4635447
7150.007 0.4661804
7150.519 0.4661666
7151.03 0.4661133
7151.541 0.4651018
7152.053 0.4653278
7152.564 0.4643169
7153.076 0.463625
7153.587 0.4651677
7154.099 0.4652736
7154.611 0.4650606
7155.123 0.4644493
7155.635 0.4641965
7156.147 0.4648199
7156.659 0.4647264
7157.171 0.4642351
7157.684 0.4637436
7158.196 0.4628945
7158.708 0.4640343
7159.221 0.4640598
7159.734 0.463251
7160.246 0.4637991
7160.759 0.4618509
7161.272 0.4618891
7161.785 0.4631978
7162.298 0.4631563
7162.811 0.4631146
7163.324 0.462835
7163.837 0.4611276
7164.35 0.4625535
7164.863 0.4616796
7165.377 0.4623116
7165.89 0.4608041
7166.404 0.4594548
7166.917 0.4615927
7167.431 0.4616301
7167.945 0.4603218
7168.459 0.4597657
7168.973 0.4596848
7169.487 0.4563175
7170.0 0.447228
7170.515 0.4605744
7171.029 0.4594116
7171.543 0.4610156
7172.058 0.4541961
7172.572 0.4516455
7173.086 0.4577264
7173.601 0.4601986
7174.116 0.4584051
7174.63 0.4448841
7175.146 0.4500278
7175.66 0.4501323
7176.175 0.4534816
7176.69 0.4600981
7177.205 0.4592534
7177.72 0.4553316
7178.235 0.452235
7178.751 0.4575086
7179.266 0.4305697
7179.782 0.4490672
7180.297 0.4545203
7180.813 0.4588688
7181.329 0.4569922
7181.844 0.458699
7182.36 0.4589486
7182.876 0.4590014
7183.392 0.4301594
7183.908 0.4487024
7184.424 0.4581371
7184.94 0.4579146
7185.457 0.4587929
7185.973 0.4575875
7186.489 0.3977413
7187.006 0.455255
7187.522 0.457864
7188.039 0.4406033
7188.556 0.4325294
7189.073 0.444116
7189.589 0.4203373
7190.106 0.457818
7190.624 0.4573078
7191.141 0.4569547
7191.658 0.4582505
7192.175 0.4581329
7192.692 0.4572305
7193.209 0.4158317
7193.727 0.4423082
7194.245 0.450944
7194.762 0.4571137
7195.28 0.4553477
7195.798 0.4232772
7196.315 0.4569183
7196.833 0.4471301
7197.352 0.456644
7197.87 0.4537792
7198.388 0.457115
7198.906 0.457076
7199.424 0.4472542
7199.942 0.4480425
7200.461 0.4422262
7200.979 0.4568729
7201.498 0.4573992
7202.017 0.454946
7202.535 0.4236787
7203.054 0.4158057
7203.573 0.4514644
7204.092 0.456817
7204.611 0.4562067
7205.13 0.4570463
7205.649 0.4513758
7206.168 0.417479
7206.688 0.4544708
7207.207 0.456839
7207.727 0.4562681
7208.246 0.408885
7208.766 0.4531655
7209.286 0.457219
7209.805 0.4569223
7210.325 0.4567871
7210.845 0.4573594
7211.365 0.4424989
7211.885 0.4562332
7212.405 0.4566882
7212.926 0.4572213
7213.446 0.4534456
7213.966 0.4562519
7214.487 0.4574112
7215.007 0.4574744
7215.528 0.4574986
7216.048 0.4571313
7216.569 0.4568423
7217.09 0.4571404
7217.611 0.4563817
7218.132 0.4563276
7218.653 0.4456015
7219.174 0.4571974
7219.695 0.4565954
7220.217 0.4542303
7220.738 0.4566015
7221.259 0.4566628
7221.781 0.4573107
7222.302 0.4569807
7222.824 0.4572373
7223.346 0.4571811
7223.868 0.4574376
7224.39 0.4573815
7224.912 0.4558387
7225.434 0.438697
7225.956 0.4555697
7226.478 0.4571171
7227.0 0.4568263
7227.522 0.4569263
7228.045 0.4571046
7228.567 0.4572438
7229.09 0.4553493
7229.612 0.4413615
7230.135 0.455117
7230.658 0.4568111
7231.181 0.4570581
7231.704 0.4570706
7232.227 0.4567313
7232.75 0.4556101
7233.273 0.4562481
7233.796 0.4562606
7234.32 0.4471487
7234.843 0.4191246
7235.367 0.4552425
7235.89 0.4559977
7236.414 0.4444926
7236.938 0.4111034
7237.461 0.4548234
7237.985 0.4386739
7238.509 0.4544966
7239.033 0.4566578
7239.557 0.4567482
7240.081 0.4549619
7240.605 0.4566807
7241.129 0.4558219
7241.654 0.4497617
7242.178 0.4539475
7242.703 0.4044347
7243.228 0.4546903
7243.752 0.4562912
7244.277 0.4562132
7244.802 0.4561353
7245.327 0.44185
7245.852 0.4261309
7246.377 0.4553943
7246.902 0.4553163
7247.427 0.4410318
7247.953 0.4545362
7248.478 0.4559405
7249.003 0.4475032
7249.529 0.4548877
7250.054 0.4559782
7250.58 0.4553424
7251.106 0.4511164
7251.632 0.4550844
7252.158 0.4479677
7252.684 0.4543587
7253.209 0.4556327
7253.736 0.455075
7254.262 0.4193675
7254.788 0.4472084
7255.314 0.4370133
7255.841 0.4392006
7256.368 0.4550531
7256.894 0.4552357
7257.421 0.4551844
7257.947 0.4546663
7258.474 0.4548875
7259.001 0.4522667
7259.528 0.4485516
7260.055 0.4433841
7260.583 0.4529219
7261.109 0.4543408
7261.637 0.4538139
7262.164 0.4523534
7262.691 0.4498409
7263.219 0.4518057
7263.747 0.4531075
7264.274 0.451414
7264.802 0.4490189
7265.33 0.4524612
7265.858 0.453917
7266.386 0.4330571
7266.914 0.4520873
7267.442 0.4147949
7267.97 0.4510738
7268.499 0.4541213
7269.027 0.454294
7269.555 0.4541949
7270.083 0.4532804
7270.612 0.4530993
7271.141 0.4539655
7271.669 0.4465594
7272.198 0.448906
7272.727 0.4532666
7273.256 0.4536282
7273.785 0.4533696
7274.314 0.453072
7274.844 0.4142623
7275.373 0.4514693
7275.902 0.4526062
7276.432 0.4526962
7276.961 0.4526702
7277.491 0.4337036
7278.021 0.4502933
7278.55 0.4426199
7279.08 0.4414673
7279.61 0.4226927
7280.14 0.443828
7280.67 0.4500469
7281.2 0.4527295
7281.73 0.4493355
7282.26 0.4524435
7282.791 0.4479268
7283.321 0.4518867
7283.852 0.4523235
7284.382 0.445717
7284.913 0.4522307
7285.444 0.4498843
7285.975 0.4523308
7286.505 0.452188
7287.036 0.4523152
7287.567 0.4515157
7288.099 0.4520676
7288.63 0.4517703
7289.161 0.4335293
7289.692 0.4495926
7290.224 0.4421398
7290.755 0.4517042
7291.287 0.4516028
7291.818 0.4485686
7292.35 0.4188853
7292.882 0.4442704
7293.414 0.4488829
7293.946 0.4443786
7294.478 0.446828
7295.01 0.450739
7295.542 0.4468193
7296.075 0.4501894
7296.607 0.4471193
7297.14 0.4435048
7297.672 0.4484983
7298.205 0.4492064
7298.737 0.4509152
7299.27 0.4501593
7299.803 0.4507122
7300.336 0.4486507
7300.869 0.45071
7301.402 0.4456459
7301.935 0.4426571
7302.468 0.4498823
7303.001 0.4488628
7303.535 0.4501511
7304.068 0.4456291
7304.602 0.4472273
7305.136 0.4343947
7305.669 0.4486893
7306.203 0.428936
7306.737 0.4489197
7307.271 0.4496303
7307.805 0.4474586
7308.339 0.4498602
7308.873 0.4499173
7309.407 0.4497441
7309.941 0.4496478
7310.476 0.4472907
7311.01 0.4445481
7311.545 0.435324
7312.08 0.4463669
7312.614 0.4467763
7313.149 0.4455336
7313.684 0.4485535
7314.219 0.4486549
7314.754 0.4419571
7315.289 0.4465556
7315.824 0.449189
7316.359 0.4479099
7316.895 0.4490463
7317.43 0.4415083
7317.966 0.4478304
7318.501 0.4485067
7319.037 0.4395855
7319.573 0.4484789
7320.108 0.4444406
7320.644 0.4352044
7321.18 0.4485266
7321.716 0.44871
7322.252 0.4487783
7322.789 0.4456674
7323.325 0.4481876
7323.861 0.4486387
7324.397 0.4485922
7324.934 0.4484307
7325.471 0.448499
7326.007 0.4436655
7326.544 0.4470667
7327.081 0.4483975
7327.618 0.4484274
7328.155 0.4481896
7328.692 0.4476842
7329.229 0.4424692
7329.766 0.4478587
7330.304 0.4472034
7330.841 0.4481181
7331.378 0.4476946
7331.916 0.4479974
7332.454 0.447765
7332.991 0.4434787
7333.529 0.4478737
7334.067 0.4477943
7334.604 0.4472182
7335.143 0.4446161
7335.681 0.4430832
7336.219 0.4476674
7336.757 0.4476262
7337.295 0.4426164
7337.834 0.4469327
7338.373 0.4475404
7338.911 0.4473082
7339.45 0.4474195
7339.988 0.4474928
7340.527 0.447532
7341.066 0.447457
7341.605 0.446886
7342.144 0.4465058
7342.683 0.4470794
7343.222 0.4461268
7343.762 0.4467385
7344.301 0.4471592
7344.84 0.4472367
7345.38 0.4471235
7345.919 0.4427363
7346.459 0.4461727
7346.999 0.4444955
7347.539 0.4470518
7348.079 0.4468624
7348.619 0.4469016
7349.159 0.4465597
7349.699 0.4465989
7350.239 0.4446932
7350.779 0.4467499
7351.319 0.4420966
7351.86 0.4448799
7352.4 0.4464027
7352.941 0.4466677
7353.482 0.4466661
7354.022 0.4465885
7354.563 0.4462824
7355.104 0.4457858
7355.646 0.4459746
7356.187 0.4457446
7356.728 0.4452482
7357.269 0.4462743
7357.811 0.4462726
7358.352 0.4440633
7358.893 0.4434145
7359.435 0.4460775
7359.977 0.4459617
7360.518 0.4460696
7361.06 0.4445413
7361.602 0.4459803
7362.144 0.4419781
7362.686 0.4455489
7363.228 0.4443255
7363.77 0.444205
7364.312 0.4454912
7364.855 0.4457126
7365.397 0.4455159
7365.94 0.4413638
7366.482 0.4454266
7367.025 0.4456098
7367.568 0.443323
7368.111 0.4452545
7368.654 0.4452097
7369.197 0.4454688
7369.74 0.4453101
7370.283 0.4427591
7370.826 0.4449192
7371.37 0.440582
7371.913 0.4447187
7372.457 0.4452067
7373.0 0.4448219
7373.544 0.4424627
7374.087 0.4450387
7374.631 0.4449195
7375.175 0.4446865
7375.719 0.4439602
7376.263 0.4448651
7376.807 0.4448596
7377.352 0.4448919
7377.896 0.4448485
7378.44 0.4440469
7378.985 0.4447236
7379.529 0.4446423
7380.074 0.4433099
7380.619 0.4434184
7381.163 0.4444743
7381.708 0.4444688
7382.253 0.4442361
7382.798 0.4444959
7383.343 0.4437708
7383.888 0.4441061
7384.434 0.442699
7384.979 0.4439058
7385.524 0.441021
7386.07 0.4439327
7386.615 0.4440785
7387.161 0.4441486
7387.707 0.4441052
7388.252 0.4439862
7388.798 0.4440184
7389.345 0.4438612
7389.891 0.443969
7390.437 0.4434321
7390.983 0.4438403
7391.529 0.4433785
7392.076 0.4422736
7392.622 0.4435517
7393.169 0.4415014
7393.715 0.4428931
7394.262 0.44349
7394.809 0.4434063
7395.356 0.4433606
7395.903 0.4433525
7396.45 0.44342
7396.997 0.4433742
7397.544 0.4432151
7398.091 0.4409396
7398.639 0.4424056
7399.186 0.4420199
7399.733 0.4429937
7400.281 0.4429448
7400.829 0.4430441
7401.376 0.4426528
7401.924 0.4429409
7402.473 0.4428513
7403.021 0.4427618
7403.568 0.442597
7404.117 0.4426583
7404.665 0.4426444
7405.213 0.4426304
7405.762 0.442126
7406.31 0.4424514
7406.859 0.4425127
7407.407 0.4424233
7407.956 0.4423714
7408.505 0.4417166
7409.054 0.4422677
7409.603 0.4420651
7410.152 0.4416724
7410.701 0.442141
7411.25 0.4418939
7411.8 0.4420234
7412.349 0.4414751
7412.898 0.4408137
7413.448 0.4415834
7413.998 0.4418255
7414.547 0.4417668
7415.097 0.4417079
7415.647 0.4416114
7416.197 0.4415526
7416.747 0.4411174
7417.297 0.4410962
7417.847 0.4413759
7418.397 0.4409785
7418.948 0.4412955
7419.499 0.4411989
7420.049 0.4411392
7420.6 0.4411082
7421.15 0.4410399
7421.701 0.4409714
7422.252 0.440903
7422.803 0.4402336
7423.354 0.4406536
7423.905 0.4406602
7424.456 0.4406293
7425.007 0.4403357
7425.559 0.4404173
7426.11 0.4403864
7426.662 0.4398301
7427.213 0.4400243
7427.765 0.4397684
7428.317 0.4401123
7428.869 0.4400812
7429.42 0.4400128
7429.973 0.4397943
7430.524 0.439865
7431.077 0.4398224
7431.629 0.4397052
7432.181 0.4396253
7432.734 0.4395828
7433.286 0.4393907
7433.839 0.4393855
7434.392 0.4393429
7434.944 0.4391884
7435.497 0.4391832
7436.05 0.4391033
7436.603 0.4388363
7437.156 0.4389059
7437.709 0.438826
7438.262 0.4387834
7438.816 0.4387034
7439.369 0.4385487
7439.923 0.4385061
7440.476 0.4384159
7441.03 0.438324
7441.583 0.4382323
7442.137 0.4381404
7442.691 0.4378247
7443.245 0.4378448
7443.799 0.4379022
7444.354 0.4377356
7444.908 0.4377182
7445.462 0.4376265
7446.017 0.4374972
7446.571 0.4374427
7447.125 0.4373508
7447.68 0.4372216
7448.235 0.437167
7448.79 0.437075
7449.344 0.4369832
7449.899 0.4368913
7450.455 0.4367905
7451.01 0.4366509
7451.565 0.4365856
7452.12 0.4364831
7452.675 0.4363435
7453.231 0.4362409
7453.787 0.4361383
7454.342 0.4360731
7454.898 0.4360077
7455.454 0.4358679
7456.01 0.4357282
7456.565 0.4355888
7457.122 0.4355602
7457.678 0.4354206
7458.234 0.4353924
7458.79 0.4352899
7459.347 0.4351873
7459.903 0.4350848
7460.459 0.4349017
7461.016 0.4348653
7461.573 0.4347548
7462.13 0.4345703
7462.687 0.4345338
7463.244 0.4344234
7463.801 0.4343131
7464.358 0.4342025
7464.915 0.4340921
7465.472 0.4339817
7466.03 0.4339081
7466.587 0.4337978
7467.145 0.4336872
7467.702 0.43354
7468.26 0.4334664
7468.818 0.4332451
7469.375 0.4332456
7469.934 0.4330612
7470.492 0.4330214
7471.05 0.4328708
7471.608 0.4327569
7472.166 0.4326798
7472.725 0.4325658
7473.283 0.4324519
7473.842 0.432338
7474.4 0.4322242
7474.959 0.432147
7475.518 0.432033
7476.077 0.431919
7476.636 0.431805
7477.194 0.4316915
7477.754 0.4315773
7478.313 0.4314267
7478.872 0.4313129
7479.432 0.4311621
7479.991 0.4311217
7480.551 0.4310093
7481.11 0.430897
7481.67 0.4307845
7482.229 0.4307089
7482.79 0.4305597
7483.35 0.4304839
7483.91 0.4303715
7484.47 0.4302591
7485.03 0.4301469
7485.59 0.4299979
7486.15 0.4299222
7486.711 0.4298097
7487.271 0.429734
7487.832 0.4296216
7488.393 0.429509
7488.954 0.4293967
7489.515 0.4292843
7490.076 0.4291728
7490.637 0.4290673
7491.198 0.4289619
7491.759 0.428893
7492.32 0.4287511
7492.882 0.428682
7493.443 0.4285766
7494.005 0.428471
7494.566 0.4283656
7495.128 0.4282236
7495.69 0.4281911
7496.252 0.4280855
7496.814 0.4279436
7497.376 0.4278745
7497.938 0.4277692
7498.5 0.4276636
7499.062 0.4275582
7499.625 0.427489
7500.188 0.4273875
7500.75 0.4272945
7501.312 0.4272014
7501.875 0.4271082
7502.438 0.4270149
7503.001 0.4269582
7503.564 0.426865
7504.127 0.4267719
7504.69 0.4266424
7505.254 0.4265854
7505.817 0.4264922
7506.38 0.4263991
7506.944 0.4263421
7507.507 0.426249
7508.071 0.4261558
7508.635 0.4260626
7509.199 0.4259693
7509.763 0.4259123
7510.327 0.4258278
7510.891 0.4257496
7511.455 0.4256715
7512.019 0.4255934
7512.583 0.4255152
7513.148 0.425437
7513.712 0.425395
7514.277 0.4253167
7514.842 0.4252384
7515.407 0.4251601
7515.972 0.4250819
7516.537 0.4250037
7517.102 0.4249254
7517.667 0.4248471
7518.232 0.4248051
7518.797 0.4247268
7519.362 0.4246125
7519.928 0.4245702
7520.493 0.4245418
7521.059 0.4244793
7521.625 0.4244167
7522.19 0.4243542
7522.756 0.4242916
7523.322 0.4242291
7523.888 0.4241664
7524.455 0.4241398
7525.021 0.4240772
7525.587 0.4240146
7526.153 0.423952
7526.72 0.4238893
7527.287 0.4238266
7527.853 0.4238
7528.42 0.4237373
7528.987 0.4236746
7529.554 0.4236119
7530.121 0.4235523
7530.688 0.4235042
7531.255 0.423456
7531.822 0.4234439
7532.389 0.4233958
7532.957 0.4233475
7533.524 0.4232994
7534.092 0.4232511
7534.66 0.4232388
7535.227 0.4231907
7535.795 0.4231424
7536.363 0.4230941
7536.931 0.4230458
7537.499 0.4229976
7538.067 0.4229851
7538.636 0.4229367
7539.204 0.4228525
7539.772 0.4228402
7540.341 0.4227985
7540.91 0.4227611
7541.478 0.4227239
7542.047 0.4226865
7542.616 0.4226851
7543.185 0.4226478
7543.754 0.4226104
7544.323 0.4225371
7544.892 0.4225356
7545.461 0.4224983
7546.031 0.4224968
7546.6 0.4224593
7547.17 0.4224218
7547.739 0.4223485
7548.309 0.4223469
7548.879 0.4223095
7549.449 0.4222719
7550.019 0.4221987
7550.589 0.4222035
7551.159 0.4222082
7551.729 0.4221771
7552.3 0.4221459
7552.87 0.4221146
7553.44 0.4220835
7554.011 0.4220522
7554.582 0.4220569
7555.153 0.4220256
7555.724 0.4219943
7556.294 0.421963
7556.865 0.4219317
7557.437 0.4219004
7558.008 0.421869
7558.579 0.4218377
7559.15 0.4218422
7559.722 0.4218107
7560.293 0.421775
7560.865 0.4217348
7561.437 0.4216947
7562.008 0.4216547
7562.581 0.4216145
7563.152 0.4215744
7563.725 0.4215699
7564.296 0.4215299
7564.869 0.4214896
7565.441 0.4214494
7566.014 0.421409
7566.586 0.4213688
7567.159 0.4213285
7567.731 0.4212883
7568.304 0.4212479
7568.877 0.4212434
7569.45 0.421203
7570.023 0.4211621
7570.596 0.4211076
7571.169 0.4210532
7571.742 0.4209987
7572.315 0.4209442
7572.889 0.4208896
7573.462 0.4208352
7574.036 0.4208162
7574.61 0.4207617
7575.184 0.420707
7575.758 0.4206524
7576.332 0.4205977
7576.906 0.4205431
7577.479 0.4204885
7578.054 0.4204337
7578.628 0.420379
7579.203 0.4203242
7579.777 0.4203052
7580.352 0.4202435
7580.926 0.4201775
7581.501 0.4201113
7582.076 0.4200451
7582.651 0.4199789
7583.226 0.4199126
7583.801 0.4198109
7584.376 0.4197446
7584.952 0.4196783
7585.527 0.4195766
7586.102 0.4195103
7586.678 0.4194083
7587.253 0.4193421
7587.829 0.4192045
7588.405 0.4191026
7588.981 0.4190007
7589.557 0.4188631
7590.133 0.4186866
7590.709 0.4185341
7591.285 0.4183462
7591.861 0.4180871
7592.438 0.417899
7593.015 0.4175687
7593.591 0.4172741
7594.167 0.4168018
7594.745 0.4161158
7595.321 0.4138283
7595.898 0.2995663
7596.475 0.3166882
7597.052 0.3276637
7597.629 0.2055176
7598.207 0.2408986
7598.784 0.279718
7599.362 0.1519982
7599.939 0.3361864
7600.517 0.2050641
7601.095 0.175084
7601.672 0.340865
7602.25 0.146818
7602.828 0.1698844
7603.406 0.2846128
7603.984 0.1478906
7604.562 0.1285096
7605.141 0.2927916
7605.72 0.1330893
7606.298 0.1244649
7606.876 0.2506492
7607.455 0.1358762
7608.034 0.2467269
7608.613 0.128563
7609.192 0.2268258
7609.771 0.145404
7610.35 0.2582353
7610.929 0.2789381
7611.509 0.1140752
7612.088 0.2664172
7612.667 0.1353382
7613.247 0.3372151
7613.827 0.2793889
7614.406 0.1429032
7614.986 0.2896861
7615.566 0.1734286
7616.146 0.3699912
7616.727 0.3308386
7617.307 0.1765046
7617.887 0.3451357
7618.467 0.2414914
7619.048 0.3998919
7619.628 0.4066034
7620.209 0.4080718
7620.79 0.4081902
7621.37 0.4070402
7621.951 0.3912055
7622.532 0.3772213
7623.113 0.1771023
7623.694 0.3629573
7624.276 0.3939035
7624.857 0.3495444
7625.438 0.151926
7626.02 0.3323559
7626.602 0.1231019
7627.183 0.3441727
7627.765 0.387638
7628.347 0.3612176
7628.929 0.1598007
7629.511 0.2593667
7630.093 0.143686
7630.675 0.2627949
7631.258 0.3702543
7631.84 0.3882012
7632.422 0.3513241
7633.005 0.1230593
7633.588 0.2827667
7634.17 0.1071344
7634.753 0.3095309
7635.336 0.3723943
7635.919 0.3892825
7636.502 0.3596286
7637.085 0.1499439
7637.669 0.2644965
7638.252 0.1400299
7638.836 0.2759991
7639.419 0.3737713
7640.003 0.3932632
7640.587 0.378883
7641.17 0.3355867
7641.754 0.1418437
7642.338 0.292745
7642.923 0.1427718
7643.507 0.3637469
7644.091 0.3942107
7644.675 0.3880217
7645.26 0.3934074
7645.845 0.3352842
7646.429 0.1734964
7647.014 0.2957957
7647.599 0.1857672
7648.184 0.3782983
7648.769 0.3978227
7649.354 0.3932656
7649.939 0.3985464
7650.524 0.3779013
7651.109 0.1950999
7651.695 0.3478612
7652.28 0.1910367
7652.866 0.3793594
7653.452 0.3991177
7654.038 0.397038
7654.624 0.4017365
7655.209 0.3960638
7655.795 0.3635444
7656.382 0.2370508
7656.968 0.3566971
7657.554 0.2412778
7658.141 0.3932164
7658.727 0.4012883
7659.314 0.3996302
7659.9 0.4023097
7660.487 0.398937
7661.074 0.3795351
7661.661 0.2687972
7662.248 0.3754846
7662.835 0.2720309
7663.422 0.3971522
7664.01 0.40021
7664.597 0.4022671
7665.185 0.4022657
7665.772 0.4007228
7666.36 0.3987683
7666.948 0.2939955
7667.536 0.391594
7668.124 0.2959031
7668.711 0.3980481
7669.3 0.4012971
7669.888 0.4008853
7670.477 0.4016764
7671.065 0.401513
7671.653 0.4005989
7672.242 0.3970201
7672.831 0.3265911
7673.419 0.3936191
7674.008 0.3253151
7674.597 0.3999533
7675.186 0.4003352
7675.775 0.4007506
7676.364 0.4006894
7676.954 0.4003216
7677.543 0.4003284
7678.133 0.3989407
7678.722 0.3489594
7679.312 0.3966419
7679.902 0.3476863
7680.492 0.399419
7681.082 0.3995385
7681.671 0.399692
7682.262 0.3996074
7682.852 0.3993874
7683.442 0.3993371
7684.033 0.3989814
7684.623 0.3674386
7685.214 0.3975931
7685.804 0.3659812
7686.395 0.3979671
7686.986 0.398526
7687.577 0.3985429
7688.168 0.3983571
7688.759 0.3982389
7689.35 0.3981545
7689.941 0.3980025
7690.533 0.3976923
7691.125 0.380149
7691.716 0.396771
7692.308 0.3789581
7692.899 0.3971669
7693.491 0.3970945
7694.083 0.3974268
7694.675 0.3969834
7695.268 0.3972142
7695.86 0.3966363
7696.452 0.3970019
7697.044 0.3964916
7697.637 0.3961159
7698.229 0.3885208
7698.822 0.3881127
7699.415 0.3959324
7700.008 0.3963647
7700.601 0.3958306
7701.194 0.3962046
7701.787 0.3957379
7702.38 0.3960109
7702.973 0.3955444
7703.567 0.3958171
7704.16 0.3954516
7704.754 0.3926
7705.348 0.3954592
7705.941 0.3921053
7706.535 0.3953326
7707.129 0.395135
7707.723 0.3951387
7708.317 0.3950418
7708.912 0.3949447
7709.506 0.3948478
7710.1 0.3947522
7710.695 0.3946629
7711.29 0.3945737
7711.884 0.3935136
7712.479 0.3941943
7713.074 0.3933019
7713.668 0.3942168
7714.264 0.3938932
7714.859 0.394038
7715.454 0.3939488
7716.049 0.3935252
7716.645 0.3938034
7717.24 0.3937142
7717.836 0.3936248
7718.432 0.3931681
7719.027 0.3934128
7719.623 0.392589
7720.219 0.3929352
7720.815 0.3931839
7721.412 0.3930987
7722.008 0.3929804
7722.604 0.3925285
7723.201 0.39281
7723.797 0.3922585
7724.394 0.3926732
7724.99 0.3925881
7725.587 0.392503
7726.184 0.3924178
7726.781 0.3918334
7727.378 0.3922475
7727.975 0.39163
7728.573 0.392077
7729.17 0.3919919
7729.768 0.3919065
7730.365 0.3918216
7730.962 0.3914043
7731.56 0.3916517
7732.158 0.3911679
7732.756 0.3914816
7733.354 0.3913966
7733.952 0.3913115
7734.55 0.3912265
7735.148 0.3911083
7735.747 0.3907576
7736.345 0.3909712
7736.944 0.3905876
7737.542 0.3908011
7738.141 0.390716
7738.74 0.3906308
7739.339 0.3905456
7739.938 0.3904605
7740.537 0.3903723
7741.136 0.3900851
7741.736 0.3901621
7742.335 0.389875
7742.935 0.389985
7743.534 0.3899295
7744.134 0.3898079
7744.733 0.3897525
7745.333 0.3896307
7745.934 0.3894428
7746.533 0.3894535
7747.134 0.3892326
7747.734 0.3892762
7748.334 0.3891877
7748.935 0.3890989
7749.535 0.3890103
7750.136 0.3889178
7750.736 0.388813
7751.337 0.3887079
7751.938 0.3885369
7752.539 0.3884319
7753.14 0.3883928
7753.741 0.3882877
7754.342 0.3881828
7754.944 0.3880777
7755.545 0.3879727
7756.147 0.3878675
7756.749 0.3877623
7757.35 0.3876244
7757.952 0.3875522
7758.554 0.3874141
7759.156 0.387342
7759.758 0.3872369
7760.36 0.3871266
7760.962 0.3870128
7761.565 0.3868988
7762.167 0.386785
7762.77 0.3866711
7763.373 0.3865243
7763.975 0.3864434
7764.578 0.3862967
7765.181 0.3862157
7765.784 0.3861018
7766.387 0.3859879
7766.99 0.385874
7767.594 0.38576
7768.197 0.3856462
7768.8 0.3855324
7769.404 0.3854185
7770.008 0.3853044
7770.611 0.385183
7771.215 0.3850614
7771.819 0.3849399
7772.423 0.3848183
7773.028 0.3846966
7773.632 0.3845751
7774.236 0.3844537
7774.841 0.384332
7775.445 0.3842105
7776.05 0.3840889
7776.654 0.3839675
7777.259 0.3838459
7777.864 0.3836917
7778.469 0.3836027
7779.074 0.3834811
7779.68 0.3833594
7780.285 0.3832346
7780.89 0.3831387
7781.496 0.3830101
7782.101 0.3828818
7782.707 0.3827532
7783.312 0.3825925
7783.918 0.3824963
7784.524 0.3823678
7785.13 0.3822394
7785.736 0.382111
7786.343 0.3819822
7786.949 0.3818538
7787.556 0.3817252
7788.162 0.3815968
7788.769 0.3814682
7789.375 0.3813399
7789.982 0.3812114
7790.589 0.3810785
7791.196 0.3809455
7791.803 0.3808124
7792.41 0.3806795
7793.018 0.3805464
7793.625 0.3804135
7794.232 0.3802484
7794.84 0.3801476
7795.447 0.380047
7796.055 0.3799138
7796.663 0.3797809
7797.271 0.3796479
7797.879 0.3795149
7798.487 0.379382
7799.095 0.379249
7799.704 0.3791159
7800.312 0.3789822
7800.92 0.3788478
7801.529 0.378713
7802.138 0.3786105
7802.747 0.3784758
7803.355 0.3783415
7803.964 0.3782069
7804.573 0.3780723
7805.183 0.3778734
7805.792 0.377803
7806.401 0.3776686
7807.011 0.3775338
7807.62 0.3773994
7808.23 0.3772648
7808.84 0.3771621
7809.449 0.3770277
7810.06 0.3768929
7810.669 0.3767581
7811.279 0.3766232
7811.89 0.3764879
7812.5 0.376353
7813.11 0.3762181
7813.721 0.376083
7814.332 0.3759479
7814.942 0.3758449
7815.553 0.3757098
7816.164 0.3755748
7816.775 0.3754398
7817.386 0.3753048
7817.997 0.3751699
7818.608 0.375035
7819.22 0.3748998
7819.831 0.3747649
7820.443 0.3746627
7821.054 0.3745292
7821.666 0.3743639
7822.278 0.3742621
7822.89 0.3741285
7823.502 0.373995
7824.114 0.3738615
7824.726 0.3737279
7825.338 0.3735945
7825.951 0.3734924
7826.563 0.3733591
7827.176 0.3732255
7827.789 0.3730918
7828.401 0.3729585
7829.014 0.3728249
7829.627 0.3726914
7830.24 0.3725903
7830.854 0.372459
7831.467 0.372328
7832.08 0.3721969
7832.694 0.3720656
7833.307 0.3719345
7833.921 0.3718034
7834.535 0.3716406
7835.148 0.3715727
7835.762 0.3714415
7836.376 0.3713103
7836.991 0.3711475
7837.605 0.3710479
7838.219 0.3709168
7838.833 0.3707858
7839.448 0.3706859
7840.062 0.3705552
7840.677 0.3704261
7841.292 0.370297
7841.907 0.3701679
7842.522 0.3700389
7843.137 0.3699099
7843.752 0.3698124
7844.368 0.3696831
7844.983 0.3695542
7845.599 0.369425
7846.214 0.3692962
7846.83 0.3691671
7847.446 0.369038
7848.062 0.368909
7848.678 0.3686549
7849.293 0.3686824
7849.91 0.3685532
7850.526 0.368426
7851.143 0.3681741
7851.759 0.3681722
7852.375 0.3680454
7852.992 0.3678872
7853.609 0.3678227
7854.226 0.3676957
7854.842 0.3675691
7855.459 0.3673798
7856.077 0.3671905
7856.694 0.3670326
7857.311 0.3670613
7857.929 0.3669343
7858.546 0.3668386
7859.164 0.3667116
7859.782 0.3665845
7860.399 0.3664583
7861.017 0.366301
7861.635 0.3662059
7862.253 0.3660796
7862.872 0.3658602
7863.49 0.365827
7864.108 0.3657009
7864.727 0.3655746
7865.345 0.3652626
7865.964 0.3653221
7866.583 0.3649173
7867.202 0.3650696
7867.821 0.364727
7868.439 0.3640445
7869.059 0.3645364
7869.678 0.3645957
7870.297 0.3644696
7870.917 0.3643433
7871.537 0.3642169
7872.156 0.3634122
7872.776 0.3637488
7873.396 0.3638692
7874.016 0.363743
7874.636 0.3635859
7875.256 0.3629364
7875.876 0.3633645
7876.497 0.3632381
7877.117 0.363112
7877.737 0.3626169
7878.358 0.3625215
7878.979 0.3613194
7879.6 0.3626072
7880.221 0.3625114
7880.842 0.3623848
7881.463 0.3622274
7882.084 0.3616406
7882.706 0.3611766
7883.327 0.3618779
7883.948 0.361445
7884.57 0.3616247
7885.191 0.3615289
7885.813 0.361402
7886.436 0.3612752
7887.057 0.3605062
7887.68 0.3609912
7888.302 0.3606201
7888.924 0.3603102
7889.546 0.359481
7890.169 0.3603322
7890.792 0.3602974
7891.414 0.359439
7892.037 0.3601367
7892.66 0.3597969
7893.283 0.3593355
7893.906 0.3581426
7894.529 0.359571
7895.152 0.3594753
7895.776 0.3573695
7896.399 0.3592533
7897.023 0.3586403
7897.646 0.3569932
7898.271 0.3560762
7898.894 0.3587485
7899.518 0.3586222
7900.142 0.3585572
7900.767 0.3584326
7901.391 0.3580351
7902.015 0.3581232
7902.64 0.3579988
7903.264 0.3569044
7903.889 0.3539285
7904.514 0.3575953
7905.138 0.3566535
7905.763 0.3571651
7906.388 0.3573132
7907.014 0.3572188
7907.639 0.3570944
7908.264 0.3568794
7908.89 0.3568455
7909.515 0.3564495
7910.141 0.3565673
7910.767 0.3527903
7911.393 0.3550569
7912.019 0.3561428
7912.645 0.3548451
7913.271 0.3559302
7913.897 0.3553267
7914.523 0.3557478
7915.149 0.3555964
7915.776 0.3555351
7916.403 0.3554136
7917.029 0.3552924
7917.656 0.3534864
7918.283 0.3549592
7918.91 0.3545072
7919.538 0.3532739
7920.165 0.3545961
7920.792 0.3545395
7921.419 0.3544829
7922.047 0.3543359
7922.675 0.3504668
7923.302 0.3539226
7923.93 0.3540155
7924.558 0.3538387
7925.186 0.3537819
7925.814 0.3536351
7926.442 0.3509128
7927.071 0.3533715
7927.699 0.3533146
7928.328 0.3532275
7928.957 0.3531106
7929.585 0.3529939
7930.214 0.3525202
7930.843 0.3489408
7931.472 0.3517589
7932.101 0.352274
7932.73 0.3524306
7933.36 0.3523185
7933.989 0.3513419
7934.619 0.3520049
7935.249 0.352012
7935.878 0.3519001
7936.508 0.351788
7937.138 0.3516759
7937.768 0.3515638
7938.398 0.3514518
7939.028 0.3512208
7939.659 0.3512573
7940.289 0.3511467
7940.919 0.3508299
7941.55 0.3508991
7942.181 0.3508198
7942.812 0.3507109
7943.443 0.3505723
7944.074 0.3497217
7944.705 0.3502061
7945.336 0.3502751
7945.967 0.3501662
7946.599 0.3500867
7947.23 0.3499482
7947.862 0.3498392
7948.494 0.3497301
7949.125 0.3494141
7949.757 0.3485064
7950.39 0.3493724
7951.021 0.3493212
7951.654 0.3492105
7952.286 0.3490407
7952.919 0.3484575
7953.551 0.3482291
7954.184 0.3487383
7954.816 0.3486574
7955.45 0.348517
7956.083 0.3475806
7956.715 0.3483253
7957.349 0.3482144
7957.982 0.3481038
7958.615 0.3475809
7959.249 0.3478823
7959.882 0.3476247
7960.516 0.3445219
7961.149 0.3473626
7961.783 0.347347
7962.417 0.3460675
7963.051 0.3444647
7963.686 0.3458018
7964.32 0.3467847
7964.954 0.3448023
7965.589 0.3445525
7966.223 0.3451536
7966.858 0.3459589
7967.493 0.3462065
7968.127 0.3460735
7968.763 0.3459108
7969.397 0.345807
7970.033 0.3441801
7970.668 0.3446364
7971.303 0.3453255
7971.939 0.3451667
7972.574 0.3450663
7973.21 0.34482
7973.846 0.3427643
7974.481 0.3443569
7975.118 0.344431
7975.754 0.3442432
7976.39 0.3435895
7977.026 0.3434894
7977.663 0.343767
7978.299 0.3435794
7978.936 0.3432753
7979.572 0.3433492
7980.209 0.3431767
7980.846 0.3429472
7981.483 0.3427469
7982.12 0.3419379
7982.757 0.3416221
7983.395 0.3421168
7984.032 0.3418877
7984.669 0.3417745
7985.307 0.3415453
7985.945 0.3410563
7986.583 0.3390658
7987.22 0.340945
7987.858 0.3407451
7988.497 0.3395075
7989.135 0.340345
7989.773 0.3400876
7990.412 0.3395899
7991.05 0.339704
7991.688 0.3394444
7992.327 0.3391555
7992.966 0.338007
7993.605 0.3386075
7994.244 0.3383764
7994.883 0.338117
7995.522 0.3377433
7996.162 0.3370552
7996.801 0.3373674
7997.441 0.3369653
7998.081 0.336706
7998.72 0.3363618
7999.36 0.3363305
8000.0 0.3359861
8000.64 0.3337817
8001.28 0.3351013
8001.92 0.334971
8002.561 0.3319499
8003.201 0.3341154
8003.842 0.3339001
8004.482 0.3337696
8005.123 0.333441
8005.764 0.3326899
8006.405 0.3327563
8007.046 0.3319501
8007.688 0.3320997
8008.329 0.3318
8008.97 0.331248
8009.611 0.3274159
8010.253 0.3296664
8010.895 0.3303786
8011.537 0.3299996
8012.179 0.3295928
8012.82 0.3286303
8013.462 0.328753
8014.105 0.3283462
8014.747 0.3272744
8015.39 0.3249278
8016.032 0.3263536
8016.675 0.3263912
8017.317 0.3263454
8017.96 0.3259674
8018.603 0.3253694
8019.246 0.3251295
8019.889 0.3241479
8020.533 0.3240107
8021.176 0.3238061
8021.819 0.3233273
8022.463 0.3227933
8023.106 0.3212789
8023.75 0.3218636
8024.394 0.3207055
8025.038 0.3203641
8025.682 0.3193718
8026.326 0.3187874
8026.971 0.319392
8027.615 0.3186452
8028.259 0.3180615
8028.904 0.3178269
8029.549 0.3174845
8030.193 0.3158364
8030.838 0.3151925
8031.483 0.3158058
8032.128 0.3154814
8032.774 0.3149692
8033.419 0.3141125
8034.064 0.3138675
8034.71 0.3133562
8035.355 0.3127666
8036.001 0.3113049
8036.647 0.3104795
8037.293 0.3108402
8037.939 0.3106197
8038.585 0.3086145
8039.231 0.3095481
8039.878 0.3088552
8040.524 0.3084922
8041.171 0.307885
8041.817 0.3063953
8042.464 0.3067505
8043.111 0.3061703
8043.758 0.3055389
8044.405 0.3044178
8045.052 0.3034792
8045.7 0.3034921
8046.347 0.3023243
8046.995 0.3026432
8047.642 0.3005321
8048.29 0.3014364
8048.938 0.3008586
8049.585 0.3004091
8050.233 0.2998213
8050.881 0.2991392
8051.53 0.2983305
8052.178 0.2980022
8052.827 0.297371
8053.475 0.2967914
8054.124 0.296161
8054.772 0.2951571
8055.421 0.2947778
8056.07 0.2943482
8056.719 0.2934459
8057.369 0.2929909
8058.018 0.2925365
8058.667 0.2919585
8059.316 0.2913561
8059.966 0.2907285
8060.616 0.2901349
8061.266 0.2893207
8061.916 0.2885323
8062.565 0.2881359
8063.216 0.2876641
8063.866 0.2870468
8064.516 0.2862367
8065.167 0.2857168
8065.817 0.2846191
8066.468 0.2845817
8067.119 0.2837014
8067.769 0.2832791
8068.42 0.2827359
8069.071 0.2821213
8069.722 0.2814351
8070.374 0.2808886
8071.025 0.2801984
8071.676 0.2796035
8072.328 0.2778983
8072.98 0.2783416
8073.631 0.2775833
8074.283 0.2771762
8074.936 0.2765576
8075.587 0.2759412
8076.24 0.2753228
8076.892 0.2745437
8077.544 0.2737889
8078.197 0.273219
8078.85 0.2728566
8079.502 0.2722417
8080.155 0.2716267
8080.808 0.2707616
8081.461 0.270173
8082.114 0.2696074
8082.768 0.2689951
8083.421 0.2683391
8084.074 0.2678645
8084.728 0.267344
8085.382 0.2665528
8086.036 0.2661225
8086.689 0.2651317
8087.343 0.2639628
8087.998 0.2637122
8088.652 0.2636621
8089.306 0.2630755
8089.96 0.262423
8090.615 0.2617351
8091.27 0.2612699
8091.924 0.2606732
8092.579 0.2592616
8093.234 0.2592371
8093.889 0.2588596
8094.544 0.2582417
8095.2 0.2576883
8095.855 0.2569407
8096.51 0.2550658
8097.166 0.2557288
8097.822 0.2550908
8098.478 0.2534403
8099.133 0.254032
8099.79 0.2533511
8100.445 0.2524514
8101.102 0.2520913
8101.758 0.2517106
8102.415 0.2512218
8103.071 0.2506495
8103.728 0.2498226
8104.384 0.2493148
8105.042 0.2488892
8105.698 0.2480659
8106.355 0.2477676
8107.013 0.2468608
8107.67 0.2466246
8108.327 0.2456586
8108.985 0.2453793
8109.643 0.2447672
8110.3 0.2434209
8110.958 0.2434685
8111.616 0.2432255
8112.274 0.2424482
8112.932 0.2416515
8113.59 0.2415512
8114.249 0.240918
8114.907 0.2392691
8115.565 0.2388845
8116.224 0.238093
8116.883 0.2384958
8117.542 0.2382891
8118.201 0.237659
8118.86 0.2371102
8119.52 0.2366005
8120.179 0.2355568
8120.838 0.2342077
8121.498 0.2349295
8122.157 0.234496
8122.817 0.2331914
8123.477 0.2326404
8124.137 0.2327794
8124.797 0.2308125
8125.457 0.2310885
8126.117 0.2309303
8126.778 0.2306531
8127.438 0.2289537
8128.099 0.2296495
8128.76 0.2282272
8129.42 0.2283377
8130.082 0.2280972
8130.742 0.2275925
8131.403 0.2270302
8132.065 0.2263522
8132.726 0.220618
8133.388 0.2241032
8134.049 0.2248401
8134.711 0.2240891
8135.373 0.2229794
8136.035 0.2154226
8136.696 0.222166
8137.358 0.2171777
8138.021 0.2217061
8138.683 0.2191618
8139.346 0.2202336
8140.008 0.220236
8140.671 0.2197233
8141.333 0.2191745
8141.997 0.2174221
8142.659 0.2138814
8143.322 0.215982
8143.986 0.2102589
8144.649 0.2160848
8145.312 0.2159407
8145.976 0.2128938
8146.64 0.2142278
8147.303 0.2143909
8147.967 0.2137002
8148.631 0.210046
8149.295 0.2088763
8149.959 0.2120106
8150.624 0.2063377
8151.288 0.2094148
8151.953 0.203872
8152.617 0.2098929
8153.282 0.2094783
8153.946 0.2088701
8154.611 0.2022686
8155.276 0.2073895
8155.941 0.2031986
8156.607 0.196509
8157.272 0.2027051
8157.938 0.2054517
8158.603 0.2049849
8159.269 0.2041194
8159.935 0.1939784
8160.601 0.2026925
8161.267 0.2025704
8161.933 0.2021038
8162.599 0.2014322
8163.265 0.2000983
8163.932 0.1831492
8164.598 0.185963
8165.265 0.198415
8165.932 0.1976803
8166.599 0.1758703
8167.266 0.1940401
8167.933 0.1964823
8168.6 0.1957328
8169.267 0.1951832
8169.935 0.1948636
8170.602 0.1936106
8171.27 0.1861041
8171.938 0.1714242
8172.605 0.1909787
8173.273 0.1914832
8173.941 0.1907198
8174.61 0.19023
8175.278 0.1890027
8175.946 0.1886589
8176.615 0.1873401
8177.284 0.1875189
8177.952 0.1867442
8178.621 0.185497
8179.29 0.1645611
8179.959 0.1772449
8180.628 0.1790031
8181.297 0.1753143
8181.967 0.1818593
8182.636 0.1819087
8183.306 0.1810777
8183.976 0.1701739
8184.646 0.1788564
8185.315 0.1776382
8185.985 0.1782647
8186.656 0.1773467
8187.326 0.1767453
8187.997 0.175815
8188.667 0.1666439
8189.337 0.1744653
8190.008 0.1734795
8190.679 0.1727836
8191.35 0.1542391
8192.021 0.1701575
8192.692 0.1705207
8193.363 0.1695944
8194.035 0.1688544
8194.706 0.1677314
8195.378 0.1537154
8196.05 0.1661702
8196.722 0.1657407
8197.394 0.1649592
8198.065 0.1641503
8198.737 0.1632729
8199.409 0.1617092
8200.082 0.1451619
8200.755 0.1604432
8201.427 0.1579269
8202.1 0.1561677
8202.772 0.1528428
8203.445 0.156977
8204.118 0.1565521
8204.792 0.1557135
8205.465 0.1548373
8206.139 0.1539997
8206.812 0.1526329
8207.485 0.1522625
8208.159 0.1514135
8208.833 0.1505651
8209.507 0.1496665
8210.181 0.1488343
8210.854 0.1479385
8211.529 0.1459077
8212.203 0.1460077
8212.878 0.1443628
8213.553 0.1441928
8214.227 0.1400306
8214.901 0.142274
8215.577 0.1416323
8216.252 0.1406443
8216.927 0.1394572
8217.603 0.1389077
8218.277 0.1381106
8218.953 0.1371494
8219.629 0.1362243
8220.304 0.1293983
8220.979 0.1343402
8221.656 0.1335962
8222.332 0.1326627
8223.008 0.1317973
8223.685 0.1278922
8224.36 0.1299338
8225.037 0.1289704
8225.714 0.1280086
8226.391 0.1224999
8227.067 0.126325
8227.744 0.123283
8228.421 0.1242618
8229.098 0.1117794
8229.775 0.1216359
8230.453 0.1032265
8231.13 0.1149576
8231.808 0.1160902
8232.485 0.1184317
8233.163 0.1174501
8233.841 0.1032859
8234.52 0.1164601
8235.197 0.1157328
8235.875 0.109509
8236.554 0.1131534
8237.232 0.1131565
8237.911 0.1122634
8238.59 0.1111546
8239.269 0.1091702
8239.947 0.1096178
8240.626 0.1088237
8241.306 0.1080492
8241.984 0.1057064
8242.664 0.1062486
8243.344 0.1055197
8244.023 0.1047012
8244.703 0.1036813
8245.383 0.1017234
8246.062 0.0956273
8246.742 0.1013028
8247.423 0.100537
8248.103 0.0997215
8248.783 0.0987548
8249.464 0.098056
8250.145 0.0972425
8250.825 0.0963522
8251.506 0.0956744
8252.187 0.0948993
8252.868 0.0941157
8253.549 0.0933101
8254.23 0.0925201
8254.912 0.0899061
8255.593 0.0909281
8256.274 0.0901938
8256.956 0.0893688
8257.639 0.0886039
8258.32 0.0873133
8259.002 0.0801971
8259.685 0.0862043
8260.367 0.0852396
8261.049 0.0847995
8261.731 0.081276
8262.414 0.0830666
8263.097 0.0826273
8263.78 0.0819472
8264.463 0.0812337
8265.146 0.0803905
8265.829 0.0777672
8266.513 0.0790473
8267.195 0.078217
8267.879 0.077644
8268.562 0.0769336
8269.247 0.0761883
8269.931 0.0754972
8270.614 0.0748309
8271.299 0.0739506
8271.982 0.073504
8272.667 0.0728441
8273.352 0.0721664
8274.036 0.0692721
8274.721 0.0706939
8275.405 0.0699191
8276.091 0.0691872
8276.775 0.063707
8277.461 0.0680936
8278.146 0.0674669
8278.831 0.0642082
8279.517 0.0661922
8280.202 0.0656149
8280.888 0.064883
8281.573 0.0618259
8282.26 0.0636373
8282.945 0.0632112
8283.632 0.0625223
8284.317 0.0575505
8285.004 0.0613544
8285.69 0.0608295
8286.377 0.0602477
8287.063 0.059656
8287.751 0.0590339
8288.438 0.0584573
8289.125 0.0578132
8289.812 0.0566042
8290.499 0.0521914
8291.187 0.0560519
8291.874 0.0539364
8292.562 0.0550567
8293.249 0.0544917
8293.938 0.0540036
8294.625 0.0534629
8295.313 0.0529078
8296.001 0.0521861
8296.689 0.0484748
8297.378 0.0509573
8298.066 0.0506525
8298.755 0.0502244
8299.444 0.0496888
8300.133 0.0491473
8300.822 0.0486457
8301.511 0.0481657
8302.2 0.0475564
8302.89 0.0454657
8303.579 0.0467013
8304.269 0.0462257
8304.958 0.0457348
8305.647 0.0452252
8306.338 0.043735
8307.027 0.0417872
8307.718 0.0436154
8308.408 0.0432742
8309.099 0.0428217
8309.789 0.042283
8310.479 0.0418809
8311.17 0.0414208
8311.861 0.0409996
8312.552 0.0405276
8313.243 0.0400764
8313.935 0.0390285
8314.625 0.0392264
8315.316 0.038793
8316.009 0.0381907
8316.7 0.0379488
8317.392 0.0375033
8318.084 0.0369764
8318.775 0.036087
8319.468 0.0361935
8320.16 0.0344746
8320.853 0.0352978
8321.545 0.0349973
8322.237 0.0346075
8322.93 0.0341719
8323.622 0.0312856
8324.315 0.0333464
8325.009 0.0330505
8325.701 0.0326706
8326.395 0.0322821
8327.088 0.0318966
8327.781 0.0314821
8328.475 0.0310449
8329.169 0.0305776
8329.862 0.0303463
8330.557 0.0299614
8331.251 0.0296187
8331.944 0.0287764
8332.639 0.0289249
8333.333 0.0286122
8334.028 0.0282794
8334.723 0.0278058
8335.417 0.0275779
8336.112 0.026958
8336.807 0.0269119
8337.502 0.0264095
8338.197 0.0262171
8338.893 0.0258965
8339.588 0.0255542
8340.283 0.0252316
8340.979 0.0246481
8341.675 0.0241101
8342.371 0.024338
8343.067 0.0240452
8343.763 0.0237169
8344.459 0.0233101
8345.155 0.0231565
8345.853 0.0228621
8346.549 0.0225645
8347.245 0.0222729
8347.942 0.0219772
8348.64 0.0216709
8349.336 0.0213637
8350.033 0.0210836
8350.73 0.020835
8351.428 0.0203815
8352.126 0.0203138
8352.823 0.0200777
8353.521 0.0198242
8354.219 0.019568
8354.917 0.0193183
8355.615 0.0189384
8356.313 0.0188066
8357.012 0.0184603
8357.71 0.0183084
8358.408 0.0180565
8359.107 0.0176421
8359.806 0.0174907
8360.505 0.01733
8361.204 0.0171165
8361.903 0.0168603
8362.603 0.0166898
8363.302 0.0164768
8364.001 0.0161981
8364.701 0.0159507
8365.4 0.0158384
8366.101 0.0156245
8366.801 0.0154147
8367.501 0.0151947
8368.201 0.0149865
8368.901 0.0147647
8369.602 0.0144745
8370.302 0.0143676
8371.003 0.0141917
8371.704 0.0139852
8372.404 0.0138394
8373.105 0.0136581
8373.807 0.013485
8374.508 0.0133098
8375.209 0.0131225
8375.911 0.0129322
8376.612 0.0127426
8377.314 0.0126022
8378.016 0.012392
8378.718 0.0121807
8379.42 0.0120582
8380.122 0.0119083
8380.824 0.0117609
8381.527 0.0116183
8382.229 0.0114733
8382.933 0.0113278
8383.635 0.0111743
8384.338 0.0110378
8385.041 0.0108929
8385.744 0.0107472
8386.447 0.0105703
8387.151 0.0104437
8387.854 0.0102805
8388.558 0.0101639
8389.262 0.010018
8389.966 0.0098622
8390.67 0.0097602
8391.374 0.0096405
8392.078 0.0095209
8392.782 0.0094086
8393.486 0.0092908
8394.191 0.0091729
8394.896 0.0090552
8395.601 0.0089369
8396.306 0.0087918
8397.011 0.0086887
8397.716 0.0085845
8398.421 0.008468
8399.127 0.0083387
8399.832 0.0082267
8400.538 0.0081327
8401.243 0.0080371
8401.949 0.0079367
8402.655 0.0078378
8403.361 0.0077502
8404.067 0.0076548
8404.773 0.0075594
8405.48 0.0074621
8406.187 0.0073613
8406.894 0.0072728
8407.601 0.0071528
8408.308 0.0070789
8409.015 0.0069881
8409.722 0.0068931
8410.429 0.0068024
8411.137 0.0066965
8411.844 0.0066398
8412.552 0.0065763
8413.26 0.0064957
8413.967 0.0064218
8414.675 0.0063446
8415.384 0.0062678
8416.092 0.0061891
8416.8 0.0061132
8417.509 0.0060122
8418.217 0.0059582
8418.926 0.0058823
8419.635 0.0057976
8420.344 0.005735
8421.053 0.005655
8421.762 0.0056105
8422.471 0.0055479
8423.181 0.0054815
8423.891 0.0054226
8424.6 0.0053601
8425.31 0.0052976
8426.02 0.0052352
8426.729 0.0051729
8427.439 0.0051104
8428.15 0.0050481
8428.86 0.0049859
8429.571 0.0049236
8430.281 0.0048619
8430.992 0.0048146
8431.703 0.0047605
8432.414 0.0047128
8433.125 0.0046483
8433.837 0.0046116
8434.548 0.0045609
8435.26 0.0045101
8435.971 0.0044595
8436.683 0.0044048
8437.395 0.0043582
8438.106 0.0043073
8438.818 0.0042403
8439.531 0.0042052
8440.243 0.004154
8440.955 0.0041176
8441.668 0.0040763
8442.381 0.0040348
8443.094 0.0039919
8443.807 0.0039517
8444.52 0.0039037
8445.232 0.0038682
8445.946 0.0038274
8446.659 0.0037857
8447.373 0.0037409
8448.087 0.003703
8448.8 0.0036593
8449.514 0.0036208
8450.229 0.0035817
8450.942 0.0035471
8451.656 0.003513
8452.371 0.0034781
8453.085 0.0034429
8453.8 0.0034098
8454.515 0.003373
8455.229 0.0033416
8455.944 0.0033074
8456.659 0.0032732
8457.375 0.003239
8458.09 0.0032049
8458.806 0.0031708
8459.521 0.0031367
8460.237 0.0031045
8460.953 0.0030761
8461.669 0.0030474
8462.385 0.0030119
8463.101 0.0029902
8463.817 0.0029619
8464.533 0.0029343
8465.25 0.0029053
8465.967 0.0028775
8466.684 0.0028495
8467.4 0.0028213
8468.117 0.0027931
8468.835 0.0027649
8469.552 0.0027368
8470.27 0.00271
8470.987 0.0026863
8471.704 0.0026616
8472.422 0.0026386
8473.141 0.0026148
8473.858 0.002591
8474.576 0.0025672
8475.295 0.0025434
8476.013 0.0025195
8476.731 0.002496
8477.45 0.0024722
8478.169 0.0024486
8478.888 0.0024249
8479.606 0.0024012
8480.325 0.0023772
8481.045 0.0023582
8481.765 0.0023384
8482.483 0.0023146
8483.203 0.0022984
8483.923 0.0022785
8484.643 0.0022572
8485.362 0.0022381
8486.083 0.0022182
8486.803 0.0021982
8487.523 0.002178
8488.244 0.0021579
8488.964 0.0021342
8489.685 0.0021178
8490.406 0.0020987
8491.127 0.0020825
8491.848 0.0020655
8492.569 0.0020484
8493.29 0.0020314
8494.012 0.0020119
8494.733 0.0019973
8495.455 0.0019803
8496.177 0.0019618
8496.898 0.0019463
8497.621 0.0019293
8498.343 0.0019122
8499.065 0.0018933
8499.787 0.0018785
8500.51 0.0018631
8501.232 0.0018482
8501.955 0.0018322
8502.679 0.0018186
8503.401 0.0018039
8504.124 0.0017893
8504.848 0.0017746
8505.571 0.0017584
8506.295 0.0017452
8507.019 0.0017305
8507.742 0.0017157
8508.466 0.0016989
8509.189 0.0016865
8509.914 0.0016719
8510.639 0.0016591
8511.362 0.0016465
8512.087 0.0016339
8512.812 0.0016212
8513.536 0.0016088
8514.262 0.001592
8514.986 0.0015806
8515.712 0.0015707
8516.437 0.0015589
8517.162 0.0015463
8517.888 0.0015339
8518.613 0.0015208
8519.339 0.0015091
8520.064 0.0014968
8520.791 0.0014858
8521.517 0.0014744
8522.243 0.0014611
8522.97 0.0014532
8523.696 0.0014423
8524.423 0.0014314
8525.149 0.0014196
8525.876 0.0014097
8526.603 0.0013988
8527.33 0.001388
8528.058 0.0013772
8528.784 0.0013653
8529.512 0.0013555
8530.239 0.0013452
8530.968 0.0013357
8531.695 0.0013262
8532.423 0.0013161
8533.151 0.0013073
8533.88 0.0012979
8534.607 0.0012884
8535.336 0.0012789
8536.064 0.0012694
8536.794 0.0012591
8537.522 0.0012506
8538.251 0.0012412
8538.98 0.0012312
8539.71 0.0012225
8540.439 0.0012138
8541.168 0.0012055
8541.898 0.0011965
8542.628 0.0011889
8543.357 0.0011789
8544.088 0.0011725
8544.817 0.0011643
8545.548 0.0011561
8546.278 0.0011479
8547.009 0.0011396
8547.739 0.0011314
8548.47 0.0011225
8549.2 0.0011149
8549.932 0.0011069
8550.663 0.0010995