5172.235 0.0009021
5172.503 0.0009076
5172.771 0.0009131
5173.038 0.0009185
5173.306 0.000924
5173.573 0.0009295
5173.841 0.0009349
5174.109 0.0009405
5174.376 0.000946
5174.644 0.0009514
5174.912 0.0009569
5175.18 0.0009624
5175.448 0.0009679
5175.715 0.0009733
5175.983 0.0009788
5176.251 0.0009843
5176.52 0.0009899
5176.787 0.0009953
5177.055 0.0010008
5177.323 0.0010063
5177.591 0.0010117
5177.859 0.0010172
5178.127 0.0010226
5178.396 0.0010281
5178.664 0.0010335
5178.932 0.001039
5179.2 0.0010445
5179.469 0.00105
5179.737 0.0010554
5180.005 0.0010609
5180.273 0.0010677
5180.542 0.0010746
5180.81 0.0010814
5181.079 0.0010882
5181.347 0.001095
5181.616 0.0011019
5181.884 0.0011086
5182.153 0.0011155
5182.421 0.0011223
5182.69 0.0011291
5182.958 0.0011359
5183.227 0.0011427
5183.496 0.0011496
5183.765 0.0011564
5184.033 0.0011631
5184.302 0.0011699
5184.571 0.0011767
5184.839 0.0011835
5185.108 0.0011904
5185.377 0.0011972
5185.646 0.001204
5185.915 0.0012108
5186.184 0.0012177
5186.453 0.0012246
5186.722 0.0012314
5186.991 0.0012382
5187.26 0.001245
5187.529 0.0012519
5187.798 0.0012587
5188.067 0.0012655
5188.336 0.0012723
5188.606 0.0012792
5188.875 0.001286
5189.145 0.0012928
5189.414 0.0012996
5189.683 0.0013066
5189.952 0.0013134
5190.222 0.0013214
5190.491 0.0013296
5190.76 0.0013378
5191.03 0.001346
5191.299 0.0013541
5191.569 0.0013623
5191.838 0.0013705
5192.108 0.0013787
5192.377 0.0013868
5192.647 0.001395
5192.917 0.0014032
5193.187 0.0014114
5193.456 0.0014196
5193.726 0.0014277
5193.996 0.0014359
5194.266 0.0014441
5194.535 0.0014522
5194.805 0.0014604
5195.075 0.0014686
5195.345 0.0014767
5195.615 0.0014849
5195.885 0.0014931
5196.155 0.0015013
5196.425 0.0015094
5196.695 0.0015177
5196.965 0.0015259
5197.235 0.0015341
5197.505 0.0015423
5197.775 0.0015504
5198.045 0.0015586
5198.316 0.0015668
5198.586 0.001575
5198.856 0.0015832
5199.126 0.0015913
5199.397 0.0015995
5199.667 0.0016077
5199.938 0.001616
5200.208 0.0016256
5200.479 0.0016356
5200.749 0.0016456
5201.02 0.0016556
5201.29 0.0016655
5201.561 0.0016755
5201.831 0.0016853
5202.102 0.0016953
5202.372 0.0017053
5202.643 0.0017153
5202.914 0.0017253
5203.185 0.0017353
5203.455 0.0017452
5203.726 0.0017552
5203.997 0.0017652
5204.268 0.0017752
5204.539 0.0017852
5204.809 0.0017953
5205.08 0.0018053
5205.351 0.0018153
5205.622 0.0018253
5205.893 0.0018353
5206.164 0.0018452
5206.435 0.0018552
5206.706 0.0018652
5206.978 0.0018754
5207.249 0.0018854
5207.52 0.0018954
5207.791 0.0019054
5208.062 0.0019153
5208.333 0.0019253
5208.604 0.0019353
5208.876 0.0019453
5209.147 0.0019553
5209.418 0.0019653
5209.69 0.0019753
5209.961 0.0019853
5210.233 0.0019968
5210.504 0.0020086
5210.776 0.0020204
5211.047 0.0020322
5211.319 0.002044
5211.591 0.0020558
5211.862 0.0020676
5212.134 0.0020794
5212.406 0.0020912
5212.677 0.002103
5212.949 0.002115
5213.221 0.0021268
5213.493 0.0021386
5213.764 0.0021504
5214.036 0.0021622
5214.308 0.002174
5214.58 0.0021858
5214.852 0.0021976
5215.124 0.0022094
5215.396 0.0022212
5215.668 0.002233
5215.94 0.0022448
5216.212 0.0022566
5216.484 0.0022684
5216.756 0.0022802
5217.028 0.002292
5217.301 0.0023039
5217.573 0.0023157
5217.845 0.0023275
5218.117 0.0023393
5218.39 0.0023511
5218.662 0.0023629
5218.934 0.0023747
5219.207 0.0023865
5219.479 0.0023983
5219.751 0.0024101
5220.024 0.0024221
5220.296 0.0024362
5220.569 0.0024503
5220.842 0.0024644
5221.114 0.0024784
5221.387 0.0024925
5221.66 0.0025066
5221.932 0.0025206
5222.205 0.0025347
5222.478 0.0025488
5222.75 0.0025628
5223.023 0.0025769
5223.296 0.002591
5223.569 0.0026051
5223.842 0.0026192
5224.115 0.0026333
5224.387 0.0026473
5224.66 0.0026614
5224.934 0.0026753
5225.207 0.0026893
5225.479 0.0027034
5225.752 0.0027174
5226.025 0.0027315
5226.299 0.0027456
5226.572 0.0027597
5226.845 0.0027738
5227.118 0.0027878
5227.392 0.0028017
5227.665 0.0028158
5227.938 0.0028298
5228.211 0.0028439
5228.485 0.002858
5228.758 0.0028721
5229.032 0.0028862
5229.305 0.0029002
5229.579 0.0029143
5229.852 0.0029284
5230.125 0.0029437
5230.399 0.0029605
5230.673 0.0029773
5230.946 0.0029938
5231.22 0.0030107
5231.494 0.0030275
5231.767 0.0030443
5232.041 0.0030611
5232.315 0.0030779
5232.588 0.0030946
5232.862 0.0031114
5233.136 0.0031283
5233.41 0.0031451
5233.684 0.0031619
5233.958 0.0031787
5234.232 0.0031955
5234.506 0.0032123
5234.78 0.0032291
5235.054 0.0032459
5235.328 0.0032627
5235.602 0.0032798
5235.876 0.0032963
5236.15 0.0033131
5236.425 0.00333
5236.699 0.0033468
5236.973 0.0033636
5237.247 0.0033804
5237.521 0.0033972
5237.796 0.003414
5238.07 0.0034305
5238.345 0.0034477
5238.619 0.0034645
5238.894 0.003481
5239.168 0.0034978
5239.442 0.0035146
5239.717 0.0035314
5239.992 0.003548
5240.266 0.0035681
5240.541 0.0035882
5240.815 0.0036078
5241.09 0.0036281
5241.365 0.0036478
5241.64 0.0036668
5241.915 0.0036878
5242.189 0.0037074
5242.464 0.0037278
5242.739 0.0037474
5243.014 0.0037678
5243.289 0.0037875
5243.563 0.0038074
5243.838 0.003827
5244.113 0.003847
5244.389 0.0038675
5244.664 0.0038875
5244.938 0.0039067
5245.214 0.0039274
5245.489 0.0039471
5245.764 0.0039671
5246.039 0.0039871
5246.314 0.0040067
5246.59 0.0040264
5246.865 0.0040467
5247.14 0.0040667
5247.416 0.0040868
5247.691 0.0041067
5247.966 0.0041263
5248.242 0.0041464
5248.517 0.0041667
5248.793 0.0041864
5249.068 0.0042064
5249.344 0.0042264
5249.62 0.0042464
5249.895 0.0042656
5250.17 0.0042887
5250.446 0.0043121
5250.722 0.004336
5250.998 0.0043598
5251.273 0.0043831
5251.549 0.0044061
5251.825 0.0044308
5252.101 0.0044542
5252.376 0.0044779
5252.653 0.0045018
5252.929 0.0045252
5253.205 0.0045494
5253.48 0.0045727
5253.756 0.0045965
5254.032 0.0046203
5254.309 0.0046442
5254.584 0.0046679
5254.861 0.0046909
5255.137 0.0047151
5255.413 0.0047389
5255.689 0.0047627
5255.965 0.0047864
5256.242 0.0048103
5256.518 0.0048341
5256.794 0.0048574
5257.071 0.0048813
5257.347 0.0049051
5257.624 0.0049289
5257.9 0.0049527
5258.176 0.0049764
5258.453 0.0050008
5258.729 0.0050245
5259.006 0.0050484
5259.283 0.0050722
5259.559 0.005096
5259.836 0.0051198
5260.113 0.0051456
5260.389 0.0051741
5260.666 0.0052026
5260.943 0.0052307
5261.22 0.0052592
5261.497 0.0052878
5261.773 0.0053162
5262.05 0.0053447
5262.327 0.0053728
5262.604 0.0054013
5262.881 0.0054298
5263.158 0.0054579
5263.435 0.0054869
5263.712 0.0055154
5263.989 0.0055439
5264.266 0.0055725
5264.543 0.005601
5264.82 0.005629
5265.098 0.0056576
5265.375 0.0056861
5265.652 0.0057146
5265.929 0.0057432
5266.207 0.0057717
5266.484 0.0057997
5266.761 0.0058282
5267.039 0.0058568
5267.316 0.0058853
5267.594 0.0059139
5267.871 0.0059413
5268.149 0.0059704
5268.426 0.0059994
5268.704 0.006028
5268.981 0.0060565
5269.259 0.0060851
5269.537 0.0061137
5269.814 0.0061427
5270.092 0.0061731
5270.37 0.0062074
5270.648 0.0062404
5270.926 0.0062757
5271.204 0.0063094
5271.481 0.0063441
5271.759 0.0063776
5272.037 0.0064125
5272.315 0.0064466
5272.593 0.0064796
5272.871 0.006515
5273.149 0.0065492
5273.427 0.0065828
5273.705 0.006617
5273.983 0.0066511
5274.262 0.0066855
5274.54 0.0067196
5274.818 0.0067538
5275.096 0.006788
5275.375 0.0068222
5275.653 0.0068558
5275.931 0.00689
5276.209 0.0069241
5276.488 0.0069583
5276.767 0.0069926
5277.045 0.0070268
5277.323 0.007061
5277.602 0.0070952
5277.88 0.0071287
5278.159 0.0071629
5278.438 0.0071965
5278.716 0.0072313
5278.995 0.0072656
5279.273 0.007299
5279.552 0.0073332
5279.831 0.0073675
5280.11 0.0074048
5280.389 0.007447
5280.667 0.007489
5280.946 0.0075312
5281.225 0.0075734
5281.504 0.0076155
5281.783 0.0076577
5282.062 0.0076998
5282.341 0.0077419
5282.62 0.0077841
5282.899 0.0078262
5283.178 0.0078684
5283.458 0.0079107
5283.737 0.0079528
5284.016 0.007995
5284.295 0.0080371
5284.574 0.0080785
5284.854 0.0081207
5285.133 0.0081621
5285.412 0.008205
5285.691 0.008247
5285.971 0.0082886
5286.25 0.0083314
5286.53 0.0083736
5286.81 0.0084159
5287.089 0.008458
5287.369 0.0085003
5287.648 0.0085423
5287.928 0.0085846
5288.208 0.0086268
5288.487 0.0086688
5288.767 0.0087111
5289.046 0.0087531
5289.326 0.0087938
5289.606 0.0088376
5289.886 0.0088798
5290.166 0.0089283
5290.445 0.00898
5290.726 0.009033
5291.005 0.0090855
5291.285 0.0091383
5291.565 0.009191
5291.845 0.0092438
5292.125 0.0092956
5292.405 0.0093492
5292.686 0.0094021
5292.966 0.0094548
5293.246 0.0095076
5293.526 0.0095602
5293.806 0.009613
5294.086 0.0096657
5294.367 0.0097186
5294.647 0.0097713
5294.927 0.0098239
5295.208 0.0098768
5295.488 0.0099295
5295.769 0.0099815
5296.049 0.0100341
5296.33 0.010087
5296.61 0.0101397
5296.891 0.0101925
5297.171 0.0102452
5297.452 0.0102981
5297.732 0.0103507
5298.013 0.0104035
5298.294 0.0104563
5298.575 0.0105092
5298.855 0.0105618
5299.136 0.0106137
5299.417 0.0106674
5299.698 0.0107203
5299.979 0.0107731
5300.26 0.0108398
5300.541 0.0109079
5300.822 0.0109758
5301.103 0.0110438
5301.384 0.0111117
5301.665 0.0111787
5301.946 0.0112476
5302.227 0.0113156
5302.508 0.0113824
5302.789 0.0114504
5303.07 0.0115183
5303.352 0.0115865
5303.633 0.0116543
5303.914 0.0117223
5304.196 0.0117904
5304.477 0.0118573
5304.758 0.0119262
5305.04 0.0119944
5305.321 0.0120622
5305.603 0.0121303
5305.884 0.0121982
5306.166 0.0122663
5306.447 0.0123341
5306.729 0.0124023
5307.011 0.0124693
5307.292 0.0125382
5307.574 0.0126052
5307.855 0.0126741
5308.137 0.0127422
5308.419 0.0128102
5308.701 0.0128783
5308.983 0.0129463
5309.265 0.0130144
5309.546 0.0130822
5309.829 0.0131505
5310.11 0.0132254
5310.393 0.0133167
5310.674 0.013406
5310.957 0.013496
5311.239 0.0135856
5311.521 0.0136754
5311.803 0.0137638
5312.085 0.0138547
5312.367 0.0139444
5312.649 0.0140339
5312.932 0.014124
5313.214 0.0142135
5313.496 0.0143032
5313.779 0.0143931
5314.061 0.0144828
5314.343 0.0145724
5314.626 0.0146624
5314.908 0.0147521
5315.191 0.0148419
5315.473 0.0149316
5315.756 0.0150215
5316.039 0.0151114
5316.321 0.015201
5316.604 0.015291
5316.886 0.0153806
5317.169 0.0154705
5317.452 0.0155605
5317.735 0.0156503
5318.018 0.0157403
5318.3 0.0158298
5318.583 0.0159197
5318.866 0.0160097
5319.149 0.0160995
5319.432 0.0161895
5319.715 0.0162793
5319.998 0.0163692
5320.281 0.0164887
5320.564 0.0166087
5320.847 0.0167286
5321.13 0.0168483
5321.414 0.0169687
5321.697 0.0170884
5321.98 0.0172083
5322.263 0.0173282
5322.546 0.0174479
5322.83 0.0175682
5323.113 0.0176879
5323.396 0.0178078
5323.68 0.0179281
5323.963 0.0180478
5324.247 0.0181681
5324.53 0.0182878
5324.813 0.0184077
5325.097 0.018528
5325.381 0.0186481
5325.665 0.0187684
5325.948 0.01889
5326.232 0.0190101
5326.516 0.0191304
5326.799 0.01925
5327.083 0.0193703
5327.367 0.0194906
5327.65 0.0196103
5327.935 0.019731
5328.218 0.0198506
5328.502 0.0199709
5328.786 0.020093
5329.07 0.0202131
5329.354 0.0203333
5329.638 0.0204536
5329.922 0.0205737
5330.206 0.0207228
5330.49 0.0208828
5330.774 0.0210425
5331.059 0.0212031
5331.343 0.0213628
5331.627 0.0215228
5331.912 0.0216834
5332.196 0.0218431
5332.48 0.0220051
5332.765 0.0221657
5333.049 0.0223254
5333.333 0.0224854
5333.618 0.0226459
5333.902 0.0228056
5334.187 0.0229683
5334.471 0.0231283
5334.756 0.0232885
5335.041 0.0234491
5335.325 0.023609
5335.61 0.0237693
5335.895 0.023932
5336.179 0.024092
5336.464 0.0242523
5336.749 0.0244128
5337.034 0.0245733
5337.318 0.024733
5337.604 0.0248941
5337.888 0.025054
5338.173 0.0252166
5338.458 0.0253771
5338.743 0.0255376
5339.028 0.0256978
5339.313 0.0258583
5339.599 0.0260194
5339.884 0.0261796
5340.169 0.0263698
5340.454 0.0265804
5340.739 0.0267907
5341.024 0.0270038
5341.31 0.0272151
5341.595 0.0274258
5341.88 0.027636
5342.166 0.0278473
5342.451 0.028058
5342.736 0.0282708
5343.022 0.0284821
5343.308 0.0286935
5343.593 0.0289037
5343.878 0.0291143
5344.164 0.0293256
5344.45 0.0295369
5344.735 0.0297472
5345.021 0.0299612
5345.307 0.0301725
5345.593 0.0303835
5345.878 0.0305941
5346.164 0.0308082
5346.45 0.0310195
5346.736 0.0312305
5347.021 0.031441
5347.308 0.0316531
5347.594 0.0318644
5347.879 0.0320746
5348.166 0.0322895
5348.452 0.0325008
5348.738 0.0327117
5349.024 0.032923
5349.31 0.0331343
5349.596 0.0333456
5349.882 0.0335596
5350.168 0.0338043
5350.455 0.0340735
5350.741 0.0343418
5351.027 0.0346128
5351.314 0.034882
5351.6 0.0351503
5351.887 0.0354195
5352.173 0.0356906
5352.459 0.0359589
5352.746 0.0362281
5353.033 0.0364973
5353.319 0.0367651
5353.605 0.0370334
5353.892 0.037306
5354.179 0.0375751
5354.466 0.0378439
5354.752 0.0381121
5355.039 0.0383813
5355.326 0.038654
5355.613 0.0389227
5355.899 0.039191
5356.187 0.0394611
5356.473 0.0397293
5356.76 0.039998
5357.047 0.0402708
5357.334 0.04054
5357.621 0.0408092
5357.908 0.0410783
5358.195 0.041347
5358.482 0.0416161
5358.77 0.04189
5359.057 0.0421592
5359.344 0.0424283
5359.631 0.042697
5359.918 0.0429661
5360.206 0.0432764
5360.493 0.0436017
5360.781 0.0439274
5361.068 0.0442527
5361.355 0.0445779
5361.643 0.0449083
5361.93 0.0452335
5362.218 0.0455593
5362.505 0.0458845
5362.793 0.0462108
5363.081 0.0465371
5363.368 0.0468623
5363.656 0.0471923
5363.943 0.0475175
5364.231 0.0478438
5364.519 0.0481701
5364.807 0.0484964
5365.095 0.0488226
5365.382 0.0491472
5365.67 0.0494735
5365.958 0.0498043
5366.246 0.0501306
5366.534 0.0504568
5366.822 0.0507825
5367.11 0.0511087
5367.398 0.0514397
5367.687 0.051767
5367.975 0.0520933
5368.263 0.0524195
5368.551 0.0527452
5368.839 0.0530714
5369.127 0.0534025
5369.416 0.0537298
5369.704 0.0540561
5369.993 0.0543834
5370.281 0.0547474
5370.569 0.055113
5370.858 0.0554798
5371.146 0.0558453
5371.435 0.0562121
5371.723 0.0565776
5372.012 0.0569444
5372.3 0.0573145
5372.589 0.0576813
5372.878 0.058048
5373.167 0.0584148
5373.455 0.0587803
5373.744 0.059147
5374.033 0.0595138
5374.321 0.0598786
5374.61 0.0602453
5374.899 0.0606176
5375.188 0.0609843
5375.477 0.061351
5375.766 0.0617177
5376.055 0.0620844
5376.344 0.0624511
5376.633 0.0628171
5376.922 0.0631838
5377.211 0.0635504
5377.5 0.0639171
5377.79 0.064285
5378.079 0.0646516
5378.368 0.0650182
5378.658 0.065386
5378.947 0.065752
5379.236 0.0661186
5379.525 0.0664852
5379.815 0.066853
5380.104 0.0672204
5380.394 0.0675905
5380.683 0.0679594
5380.973 0.0683296
5381.262 0.0686985
5381.552 0.069068
5381.842 0.0694317
5382.131 0.0698069
5382.421 0.070177
5382.711 0.0705471
5383.0 0.0709159
5383.29 0.071286
5383.58 0.071656
5383.87 0.0720195
5384.16 0.0723961
5384.45 0.0727594
5384.74 0.0731361
5385.03 0.0735055
5385.32 0.0738755
5385.61 0.0742455
5385.9 0.0746155
5386.19 0.0749854
5386.48 0.0753554
5386.77 0.0757323
5387.06 0.0761022
5387.351 0.0764524
5387.641 0.0768363
5387.931 0.0772133
5388.221 0.0775832
5388.512 0.0779544
5388.802 0.0783237
5389.092 0.0786936
5389.383 0.0790647
5389.673 0.0794273
5389.964 0.0798057
5390.254 0.080137
5390.545 0.080464
5390.835 0.0807898
5391.126 0.0811092
5391.417 0.0814435
5391.708 0.0817555
5391.998 0.0820962
5392.289 0.0824231
5392.58 0.0827499
5392.871 0.0830767
5393.162 0.0834036
5393.452 0.0837293
5393.743 0.0840638
5394.034 0.0843907
5394.325 0.084702
5394.616 0.0850443
5394.907 0.0853711
5395.198 0.0856979
5395.489 0.0860242
5395.78 0.086351
5396.072 0.0866789
5396.363 0.0870056
5396.654 0.0873324
5396.945 0.0876591
5397.237 0.0879789
5397.528 0.0883137
5397.819 0.0886323
5398.111 0.0889764
5398.402 0.0893031
5398.693 0.0896053
5398.985 0.0899495
5399.276 0.0902679
5399.568 0.0905956
5399.859 0.0909223
5400.151 0.091205
5400.443 0.091487
5400.734 0.0917431
5401.026 0.0920085
5401.318 0.0922485
5401.61 0.0925224
5401.901 0.0927615
5402.193 0.0930354
5402.485 0.0932923
5402.777 0.0935492
5403.069 0.0937975
5403.361 0.094063
5403.653 0.0942854
5403.945 0.0945422
5404.237 0.0948337
5404.529 0.0950732
5404.821 0.0953474
5405.113 0.0956043
5405.405 0.0958524
5405.698 0.0961193
5405.99 0.0963673
5406.282 0.0966242
5406.574 0.0968721
5406.867 0.0971386
5407.159 0.0973865
5407.452 0.097662
5407.744 0.0979098
5408.036 0.0981756
5408.329 0.0983882
5408.622 0.0986638
5408.914 0.0989296
5409.207 0.0991781
5409.499 0.0993983
5409.792 0.099674
5410.084 0.0999622
5410.377 0.1001425
5410.67 0.1003687
5410.962 0.1005022
5411.255 0.1007006
5411.548 0.100973
5411.841 0.1012086
5412.134 0.1014164
5412.427 0.1016242
5412.72 0.1018231
5413.013 0.1020309
5413.306 0.1022012
5413.599 0.1023808
5413.892 0.1026542
5414.185 0.102862
5414.479 0.1029572
5414.771 0.1032681
5415.065 0.1034765
5415.358 0.1036558
5415.651 0.1038349
5415.944 0.1039758
5416.238 0.104289
5416.531 0.1044967
5416.825 0.104715
5417.118 0.104913
5417.412 0.1051214
5417.705 0.1053097
5417.999 0.105547
5418.292 0.105716
5418.586 0.105963
5418.879 0.1061415
5419.173 0.106379
5419.467 0.1065581
5419.76 0.1067559
5420.054 0.1069953
5420.348 0.1072115
5420.642 0.1074277
5420.936 0.1075651
5421.229 0.1078594
5421.523 0.1080756
5421.817 0.1082521
5422.111 0.1084384
5422.405 0.1087241
5422.699 0.1088907
5422.994 0.1091574
5423.288 0.1093736
5423.582 0.1095796
5423.876 0.1098057
5424.17 0.1100218
5424.464 0.1101067
5424.759 0.1104547
5425.053 0.1106609
5425.347 0.1108668
5425.642 0.1111038
5425.936 0.1113198
5426.23 0.1115154
5426.525 0.1117525
5426.819 0.1119685
5427.114 0.1121749
5427.408 0.1123809
5427.703 0.1126078
5427.998 0.1128141
5428.292 0.11303
5428.587 0.1132258
5428.882 0.1134735
5429.176 0.1136894
5429.471 0.1138959
5429.766 0.1141124
5430.061 0.1142825
5430.355 0.1146403
5430.65 0.1149467
5430.945 0.1152426
5431.241 0.1155399
5431.536 0.1158146
5431.831 0.1161104
5432.125 0.1164265
5432.421 0.1167233
5432.716 0.1169977
5433.011 0.1172724
5433.306 0.1176111
5433.602 0.1179079
5433.896 0.1182026
5434.192 0.1184993
5434.487 0.118795
5434.783 0.1190812
5435.078 0.119366
5435.374 0.1196406
5435.669 0.1199362
5435.964 0.1202757
5436.26 0.120495
5436.555 0.1208684
5436.851 0.1211428
5437.146 0.1213493
5437.442 0.1217347
5437.738 0.12202
5438.034 0.1223393
5438.329 0.122646
5438.625 0.1228411
5438.921 0.1232276
5439.217 0.123524
5439.513 0.1238208
5439.809 0.1241172
5440.104 0.1244752
5440.4 0.1248717
5440.696 0.1253597
5440.993 0.1257925
5441.289 0.1262346
5441.584 0.1266868
5441.881 0.127142
5442.177 0.1275724
5442.473 0.1280269
5442.769 0.1284219
5443.065 0.128911
5443.362 0.1293545
5443.658 0.1297021
5443.955 0.1302287
5444.251 0.1306826
5444.547 0.1311005
5444.844 0.1315325
5445.14 0.1319984
5445.437 0.1323931
5445.733 0.1328712
5446.03 0.1333144
5446.327 0.1337706
5446.623 0.1342
5446.92 0.1346431
5447.216 0.1350971
5447.513 0.1355161
5447.81 0.1359715
5448.107 0.136427
5448.404 0.13687
5448.701 0.137276
5448.998 0.1377441
5449.294 0.1381982
5449.591 0.1385268
5449.888 0.139072
5450.186 0.1396354
5450.482 0.1402352
5450.779 0.140914
5451.077 0.1415443
5451.374 0.1422624
5451.671 0.1428894
5451.968 0.1435687
5452.266 0.1442251
5452.562 0.1448495
5452.86 0.1455312
5453.157 0.1461853
5453.455 0.1468135
5453.752 0.1474664
5454.05 0.148162
5454.347 0.148816
5454.645 0.1494574
5454.942 0.1501239
5455.24 0.1507799
5455.538 0.1514349
5455.835 0.1520737
5456.133 0.1527425
5456.43 0.1533962
5456.728 0.1539804
5457.026 0.1547057
5457.324 0.1553473
5457.622 0.1559733
5457.919 0.1565108
5458.217 0.1573233
5458.515 0.1579934
5458.813 0.1586335
5459.111 0.1592442
5459.409 0.1599581
5459.708 0.1606
5460.005 0.1612271
5460.304 0.1621949
5460.602 0.1630691
5460.9 0.1639126
5461.198 0.1649079
5461.497 0.1658598
5461.795 0.166809
5462.093 0.1676664
5462.392 0.1686511
5462.69 0.1695697
5462.988 0.1704884
5463.287 0.1713801
5463.585 0.1722196
5463.884 0.1730929
5464.182 0.1741715
5464.481 0.1750448
5464.779 0.1759467
5465.078 0.1769178
5465.377 0.1778552
5465.676 0.1787764
5465.974 0.1797125
5466.273 0.1806172
5466.572 0.1814883
5466.871 0.1824273
5467.169 0.1833786
5467.469 0.184304
5467.768 0.1852418
5468.066 0.1861426
5468.366 0.1870165
5468.665 0.1879885
5468.964 0.1889091
5469.263 0.1897965
5469.562 0.1907518
5469.861 0.1916898
5470.16 0.1927571
5470.459 0.1939309
5470.759 0.195144
5471.058 0.1963374
5471.357 0.1974745
5471.657 0.1985621
5471.956 0.1998987
5472.256 0.2011121
5472.555 0.2023051
5472.854 0.2034961
5473.154 0.2046722
5473.454 0.2058688
5473.753 0.2070595
5474.053 0.208256
5474.353 0.2094504
5474.652 0.2105831
5474.952 0.211779
5475.252 0.2130315
5475.552 0.2142257
5475.852 0.2154218
5476.151 0.2166119
5476.451 0.2178079
5476.751 0.2190018
5477.051 0.2201957
5477.351 0.2213914
5477.651 0.2225851
5477.951 0.2237807
5478.251 0.2248919
5478.551 0.2261679
5478.852 0.2273672
5479.152 0.2285187
5479.452 0.2297558
5479.752 0.2308856
5480.053 0.2321967
5480.353 0.2335013
5480.653 0.2348913
5480.954 0.236245
5481.254 0.2375921
5481.555 0.2389457
5481.855 0.2402267
5482.156 0.2416439
5482.456 0.2429929
5482.757 0.2443217
5483.057 0.2457153
5483.358 0.2470212
5483.659 0.2484196
5483.959 0.2497662
5484.26 0.251117
5484.561 0.25247
5484.862 0.2538207
5485.163 0.2551735
5485.463 0.2565196
5485.765 0.2578295
5486.065 0.2592227
5486.366 0.2605513
5486.667 0.2619254
5486.968 0.2632756
5487.27 0.2646323
5487.571 0.2660066
5487.872 0.2673589
5488.173 0.2686843
5488.474 0.2700116
5488.775 0.271386
5489.077 0.2727173
5489.378 0.2741168
5489.679 0.2754686
5489.981 0.2768225
5490.282 0.2780412
5490.583 0.2793013
5490.885 0.2805399
5491.187 0.2817805
5491.488 0.2829632
5491.79 0.2842554
5492.091 0.2854637
5492.393 0.2867301
5492.695 0.2879421
5492.997 0.2891821
5493.298 0.2904426
5493.6 0.2917094
5493.902 0.2929474
5494.204 0.2941875
5494.505 0.2953943
5494.808 0.2966653
5495.109 0.297899
5495.411 0.2991387
5495.713 0.3003764
5496.016 0.3015647
5496.317 0.3028535
5496.62 0.3041247
5496.922 0.3053063
5497.224 0.3066017
5497.526 0.307839
5497.828 0.3090783
5498.131 0.3103195
5498.433 0.3115015
5498.735 0.3128243
5499.038 0.3140674
5499.34 0.3153044
5499.643 0.3165473
5499.945 0.3177842
5500.248 0.3187155
5500.55 0.3195148
5500.853 0.3204058
5501.155 0.3212633
5501.458 0.3221543
5501.761 0.323016
5502.063 0.3238734
5502.366 0.3247349
5502.669 0.325595
5502.972 0.3264267
5503.274 0.3272838
5503.577 0.3281751
5503.88 0.329035
5504.183 0.3299265
5504.486 0.3307863
5504.789 0.3316475
5505.092 0.3324769
5505.396 0.3333407
5505.698 0.3342295
5506.001 0.3350891
5506.305 0.3359528
5506.608 0.3367816
5506.911 0.3376732
5507.214 0.3385327
5507.518 0.3393962
5507.821 0.3402244
5508.125 0.3411189
5508.428 0.3419796
5508.731 0.3428387
5509.035 0.343702
5509.338 0.3445926
5509.642 0.3454559
5509.945 0.3463149
5510.249 0.3468088
5510.553 0.3472914
5510.856 0.3477402
5511.16 0.3481909
5511.464 0.3486091
5511.768 0.3490917
5512.071 0.3495402
5512.375 0.3499909
5512.679 0.3504416
5512.983 0.3508594
5513.287 0.3513422
5513.591 0.351792
5513.895 0.3522425
5514.199 0.3526931
5514.503 0.3531429
5514.807 0.3535933
5515.111 0.3540431
5515.416 0.3544625
5515.72 0.3549453
5516.024 0.355395
5516.328 0.3558453
5516.633 0.3562964
5516.937 0.3567466
5517.241 0.3571969
5517.546 0.3576151
5517.85 0.3580981
5518.155 0.3585818
5518.459 0.359032
5518.764 0.3594836
5519.068 0.359933
5519.373 0.3603846
5519.678 0.3608361
5519.982 0.3612854
5520.287 0.3615118
5520.592 0.3617237
5520.896 0.3619351
5521.201 0.3621474
5521.506 0.3623261
5521.811 0.3625382
5522.116 0.3627504
5522.421 0.3629622
5522.726 0.3631742
5523.031 0.3633859
5523.336 0.3635648
5523.641 0.3638101
5523.946 0.3640218
5524.251 0.3642338
5524.557 0.3644466
5524.862 0.3646582
5525.167 0.3648703
5525.473 0.3650829
5525.778 0.365328
5526.083 0.3655399
5526.389 0.3657191
5526.694 0.3659306
5527.0 0.3661433
5527.305 0.3663551
5527.61 0.3665667
5527.916 0.3667793
5528.222 0.3669918
5528.527 0.3672033
5528.833 0.3674158
5529.139 0.3675947
5529.444 0.3678061
5529.75 0.3680186
5530.056 0.3682253
5530.362 0.3684066
5530.667 0.3686211
5530.974 0.3687694
5531.279 0.3689837
5531.585 0.3691652
5531.891 0.3693466
5532.197 0.3694939
5532.503 0.369709
5532.81 0.369891
5533.116 0.3700724
5533.422 0.3702535
5533.728 0.3704349
5534.034 0.3706162
5534.341 0.3707978
5534.647 0.3709791
5534.953 0.3711604
5535.26 0.3713759
5535.566 0.3715572
5535.873 0.3717391
5536.179 0.3719203
5536.485 0.3721014
5536.792 0.3722831
5537.099 0.372465
5537.405 0.3726459
5537.712 0.3727936
5538.019 0.3729753
5538.325 0.3731565
5538.632 0.373338
5538.939 0.3735197
5539.246 0.3737015
5539.552 0.3738822
5539.859 0.3740982
5540.166 0.3743364
5540.473 0.3746226
5540.78 0.3748741
5541.087 0.3751603
5541.394 0.3754465
5541.701 0.3757326
5542.008 0.3760182
5542.315 0.3763044
5542.623 0.3765914
5542.93 0.3768774
5543.237 0.377163
5543.544 0.377449
5543.852 0.3777359
5544.159 0.378022
5544.467 0.3783084
5544.774 0.3785943
5545.082 0.3789159
5545.389 0.3792018
5545.697 0.3794883
5546.004 0.3797741
5546.312 0.3800609
5546.619 0.3803468
5546.927 0.3806331
5547.235 0.3809199
5547.542 0.3812057
5547.85 0.3814924
5548.158 0.3817791
5548.466 0.3820653
5548.774 0.3823521
5549.082 0.3826387
5549.39 0.3829253
5549.698 0.3832119
5550.005 0.3834997
5550.313 0.3839465
5550.622 0.3843946
5550.93 0.3848414
5551.238 0.3852874
5551.546 0.3857341
5551.854 0.3861807
5552.163 0.3866288
5552.471 0.38704
5552.779 0.3874858
5553.087 0.3879323
5553.396 0.3883801
5553.704 0.3888266
5554.013 0.3892744
5554.321 0.3897201
5554.63 0.3901679
5554.938 0.3906143
5555.247 0.3910619
5555.556 0.3915097
5555.864 0.3919552
5556.173 0.3924029
5556.481 0.3928491
5556.791 0.3932981
5557.099 0.3937441
5557.408 0.3941917
5557.717 0.3946385
5558.026 0.395086
5558.335 0.3955334
5558.644 0.3959809
5558.953 0.3964282
5559.262 0.3968756
5559.571 0.3973222
5559.88 0.3977695
5560.189 0.3983233
5560.498 0.3989447
5560.808 0.3995681
5561.117 0.4001895
5561.426 0.400773
5561.735 0.4013943
5562.044 0.4020154
5562.354 0.4026386
5562.664 0.4032616
5562.973 0.4038827
5563.282 0.4045037
5563.592 0.4051256
5563.901 0.4057095
5564.211 0.4063323
5564.521 0.406955
5564.83 0.4075759
5565.14 0.4081985
5565.45 0.4088212
5565.759 0.4094409
5566.069 0.4100635
5566.379 0.410686
5566.689 0.4113086
5566.999 0.411931
5567.309 0.4125534
5567.619 0.4131758
5567.929 0.4137982
5568.239 0.4143817
5568.549 0.4150039
5568.859 0.4156261
5569.169 0.4162482
5569.479 0.4168703
5569.79 0.4174944
5570.1 0.4181719
5570.41 0.4189659
5570.72 0.4197599
5571.031 0.420555
5571.341 0.4213488
5571.651 0.4221039
5571.962 0.4229001
5572.272 0.4236938
5572.583 0.4244898
5572.894 0.4252859
5573.204 0.4260794
5573.515 0.4268753
5573.825 0.4276687
5574.136 0.4284645
5574.447 0.4292197
5574.757 0.4300129
5575.068 0.4308085
5575.379 0.4316041
5575.69 0.4323996
5576.001 0.4331951
5576.312 0.4339905
5576.623 0.4347858
5576.934 0.4355811
5577.245 0.4363365
5577.556 0.4371316
5577.867 0.4379267
5578.178 0.4387218
5578.489 0.4395155
5578.801 0.440313
5579.112 0.4411079
5579.423 0.4418623
5579.734 0.4426571
5580.046 0.4434719
5580.357 0.4443864
5580.668 0.4453009
5580.98 0.4462181
5581.292 0.4471353
5581.603 0.4480085
5581.915 0.4489256
5582.226 0.4498397
5582.538 0.4507565
5582.85 0.4516734
5583.161 0.4525872
5583.473 0.453504
5583.785 0.4544207
5584.097 0.4553373
5584.408 0.4562092
5584.72 0.4571256
5585.032 0.458042
5585.344 0.4589583
5585.656 0.459873
5585.968 0.4607892
5586.28 0.4617054
5586.592 0.4626215
5586.904 0.4634951
5587.216 0.4644109
5587.529 0.4653296
5587.841 0.4662454
5588.153 0.4671611
5588.465 0.4680767
5588.778 0.4689952
5589.09 0.4699107
5589.402 0.4708262
5589.715 0.4717012
5590.027 0.4726124
5590.34 0.4734828
5590.652 0.4743505
5590.965 0.4752208
5591.278 0.476091
5591.59 0.4769585
5591.903 0.4778287
5592.216 0.478655
5592.528 0.4795222
5592.841 0.4803921
5593.154 0.4812619
5593.467 0.4821317
5593.78 0.4830014
5594.093 0.4838268
5594.406 0.4846963
5594.719 0.4855672
5595.032 0.4864366
5595.345 0.487306
5595.658 0.4881753
5595.971 0.4889998
5596.284 0.489869
5596.597 0.4907381
5596.911 0.4916098
5597.224 0.4924788
5597.537 0.4933478
5597.851 0.4942193
5598.164 0.4950882
5598.477 0.4959569
5598.791 0.4967827
5599.104 0.4976514
5599.417 0.4985199
5599.731 0.4993911
5600.045 0.500223
5600.358 0.5007721
5600.672 0.501369
5600.986 0.5019658
5601.299 0.5025607
5601.613 0.5031575
5601.927 0.5037081
5602.241 0.5043057
5602.555 0.5049022
5602.869 0.5054988
5603.183 0.5060954
5603.497 0.5066918
5603.811 0.5072418
5604.125 0.5078382
5604.438 0.5084327
5604.753 0.5090309
5605.067 0.5096271
5605.381 0.5102234
5605.695 0.5107728
5606.01 0.5113708
5606.324 0.5119678
5606.638 0.5125638
5606.953 0.5131617
5607.267 0.5137578
5607.582 0.5143083
5607.896 0.5149041
5608.21 0.5155
5608.525 0.5160977
5608.839 0.5166934
5609.154 0.5172436
5609.469 0.5178421
5609.784 0.5184395
5610.098 0.5189238
5610.413 0.5191639
5610.728 0.5193564
5611.042 0.5195957
5611.357 0.5198358
5611.672 0.5200759
5611.987 0.520316
5612.302 0.520556
5612.617 0.5207965
5612.932 0.5210365
5613.247 0.5212287
5613.562 0.5214687
5613.877 0.5217086
5614.193 0.5219494
5614.508 0.5221893
5614.823 0.5223817
5615.138 0.5226216
5615.454 0.5228623
5615.769 0.5231022
5616.084 0.523342
5616.4 0.5235826
5616.715 0.5237744
5617.031 0.524015
5617.346 0.5242552
5617.662 0.5244957
5617.978 0.5247361
5618.293 0.524976
5618.609 0.5252164
5618.924 0.5254079
5619.24 0.5256488
5619.556 0.5258891
5619.872 0.5261296
5620.188 0.5262282
5620.503 0.5262305
5620.819 0.5262328
5621.135 0.5261868
5621.452 0.526189
5621.768 0.5261912
5622.083 0.5261934
5622.399 0.5261957
5622.716 0.526198
5623.032 0.5261521
5623.348 0.5261542
5623.665 0.5261565
5623.98 0.5261587
5624.297 0.526161
5624.613 0.5261149
5624.93 0.5261171
5625.246 0.5261195
5625.562 0.5261217
5625.879 0.5261239
5626.196 0.5260779
5626.512 0.52608
5626.829 0.5260823
5627.146 0.5260845
5627.462 0.5260868
5627.779 0.5260891
5628.095 0.5260913
5628.412 0.5260453
5628.729 0.5260474
5629.046 0.5260015
5629.363 0.5260519
5629.68 0.5260541
5629.997 0.5260564
5630.313 0.5259853
5630.631 0.525865
5630.948 0.525793
5631.265 0.525721
5631.582 0.5256491
5631.899 0.5255772
5632.216 0.5255052
5632.534 0.5253848
5632.851 0.5253128
5633.168 0.525241
5633.485 0.5251209
5633.803 0.5250487
5634.12 0.5249769
5634.438 0.5249048
5634.755 0.5248328
5635.073 0.5247125
5635.39 0.5246406
5635.708 0.5245685
5636.025 0.5244967
5636.343 0.5244247
5636.661 0.5243043
5636.979 0.5242323
5637.296 0.5241604
5637.614 0.5240883
5637.932 0.5240161
5638.25 0.5239922
5638.568 0.5239202
5638.886 0.5238481
5639.204 0.523776
5639.522 0.5237039
5639.84 0.5235838
5640.158 0.5235667
5640.476 0.5234603
5640.794 0.5234021
5641.112 0.523344
5641.431 0.5232856
5641.749 0.5232274
5642.067 0.5231211
5642.386 0.5230628
5642.704 0.5230046
5643.022 0.5228984
5643.341 0.5228401
5643.659 0.5227818
5643.978 0.5227235
5644.296 0.5226654
5644.615 0.5226069
5644.934 0.5225487
5645.252 0.5224904
5645.571 0.5224322
5645.89 0.5223738
5646.208 0.5223157
5646.527 0.5222574
5646.846 0.522199
5647.165 0.5221407
5647.484 0.5220824
5647.803 0.522024
5648.122 0.5219657
5648.441 0.5219074
5648.76 0.5218491
5649.079 0.5217907
5649.398 0.5217324
5649.717 0.5216741
5650.037 0.5216193
5650.356 0.5215928
5650.675 0.5215663
5650.995 0.5214919
5651.314 0.5215133
5651.633 0.5214868
5651.953 0.5214604
5652.272 0.5214338
5652.592 0.5213594
5652.911 0.5213808
5653.231 0.5213543
5653.55 0.52128
5653.87 0.5212534
5654.19 0.5212269
5654.509 0.5212004
5654.829 0.5211738
5655.149 0.5211473
5655.469 0.5211207
5655.789 0.5210943
5656.108 0.5210678
5656.429 0.5209933
5656.749 0.5210146
5657.068 0.5209882
5657.389 0.5209616
5657.708 0.5209351
5658.029 0.5209086
5658.349 0.520882
5658.669 0.5209033
5658.989 0.5208289
5659.31 0.5208501
5659.63 0.5208236
5659.95 0.5207971
5660.271 0.5207876
5660.591 0.5207811
5660.912 0.5207748
5661.232 0.5207684
5661.552 0.5207142
5661.873 0.5207556
5662.193 0.5207015
5662.514 0.5207429
5662.835 0.5207365
5663.155 0.5207302
5663.476 0.5207238
5663.797 0.5206696
5664.118 0.5206632
5664.438 0.520609
5664.76 0.5206504
5665.081 0.520644
5665.401 0.5206377
5665.722 0.5206313
5666.043 0.5206249
5666.364 0.5206185
5666.686 0.5206121
5667.007 0.5205579
5667.328 0.5205037
5667.649 0.520593
5667.97 0.5205866
5668.292 0.5205802
5668.613 0.5204303
5668.934 0.5205674
5669.256 0.5205609
5669.577 0.5205546
5669.898 0.5205482
5670.22 0.5204974
5670.542 0.5205439
5670.863 0.5205427
5671.185 0.5204936
5671.506 0.5204923
5671.828 0.5204431
5672.15 0.5204897
5672.472 0.5204884
5672.793 0.520487
5673.115 0.520438
5673.437 0.5203411
5673.759 0.5204353
5674.081 0.5204341
5674.403 0.5204328
5674.725 0.5204315
5675.047 0.5204301
5675.369 0.5204289
5675.691 0.5202363
5676.013 0.5202349
5676.335 0.5203771
5676.658 0.5204237
5676.98 0.5203267
5677.302 0.5203733
5677.625 0.5203719
5677.947 0.5203706
5678.269 0.5200824
5678.592 0.520368
5678.914 0.5203667
5679.237 0.5203654
5679.559 0.5203641
5679.882 0.5203627
5680.205 0.5203622
5680.527 0.5203146
5680.85 0.5203146
5681.172 0.5201234
5681.496 0.5201713
5681.818 0.5203149
5682.141 0.5202671
5682.464 0.5201715
5682.787 0.520315
5683.11 0.5202194
5683.433 0.5198369
5683.756 0.5201718
5684.079 0.5202675
5684.402 0.520124
5684.725 0.5203154
5685.048 0.5202677
5685.372 0.5193112
5685.695 0.5202678
5686.018 0.5201722
5686.341 0.5202678
5686.665 0.5201244
5686.988 0.5197897
5687.312 0.5201724
5687.635 0.5203159
5687.958 0.5202203
5688.282 0.5203161
5688.606 0.5202203
5688.929 0.5188811
5689.253 0.5199336
5689.577 0.5202685
5689.9 0.5202206
5690.224 0.5199893
5690.548 0.5201918
5690.872 0.5202508
5691.196 0.5195922
5691.52 0.5200817
5691.844 0.5190404
5692.167 0.5201996
5692.492 0.5203544
5692.815 0.5203655
5693.14 0.5203767
5693.464 0.5203878
5693.788 0.5203033
5694.112 0.5189747
5694.437 0.5199907
5694.761 0.5203847
5695.085 0.5202044
5695.41 0.5202634
5695.734 0.5202267
5696.058 0.5204291
5696.383 0.5204404
5696.708 0.5204515
5697.032 0.5204627
5697.356 0.520426
5697.681 0.5200544
5698.006 0.5204005
5698.331 0.5201723
5698.655 0.5204706
5698.98 0.520434
5699.305 0.520445
5699.629 0.5194511
5699.955 0.5203717
5700.279 0.5200654
5700.604 0.5205277
5700.929 0.5194582
5701.254 0.520543
5701.579 0.5206225
5701.904 0.5207019
5702.229 0.5194885
5702.555 0.5207174
5702.88 0.5207968
5703.205 0.5207806
5703.53 0.52086
5703.856 0.5208437
5704.181 0.5208753
5704.506 0.5207632
5704.832 0.520699
5705.157 0.5209702
5705.483 0.5210018
5705.809 0.5207461
5706.134 0.5209692
5706.459 0.5210487
5706.785 0.5210803
5707.111 0.521064
5707.437 0.5211436
5707.763 0.5211752
5708.088 0.5211588
5708.414 0.5209508
5708.74 0.5212221
5709.066 0.5213017
5709.392 0.5213813
5709.718 0.5213649
5710.044 0.5213982
5710.37 0.5214418
5710.696 0.5214854
5711.022 0.5215291
5711.349 0.5215728
5711.675 0.5216165
5712.001 0.52166
5712.327 0.5215119
5712.653 0.5217474
5712.98 0.5213593
5713.306 0.5218349
5713.633 0.5218785
5713.959 0.5219221
5714.286 0.5219659
5714.612 0.5219615
5714.939 0.5220532
5715.266 0.5220969
5715.592 0.5216603
5715.919 0.5221843
5716.246 0.522228
5716.572 0.5222716
5716.899 0.5223153
5717.226 0.522311
5717.553 0.5223546
5717.88 0.5224464
5718.207 0.52249
5718.534 0.5224859
5718.861 0.5224814
5719.188 0.521756
5719.515 0.5226169
5719.842 0.5226606
5720.169 0.5226972
5720.497 0.5223425
5720.824 0.5227569
5721.151 0.5216326
5721.479 0.5228169
5721.806 0.5228948
5722.133 0.5224918
5722.46 0.5228584
5722.788 0.5229846
5723.116 0.5230145
5723.443 0.5222266
5723.771 0.5228819
5724.099 0.5231524
5724.426 0.5231823
5724.754 0.5232123
5725.082 0.523146
5725.409 0.5228391
5725.737 0.523302
5726.065 0.523332
5726.393 0.5234101
5726.721 0.5233919
5727.049 0.52347
5727.377 0.5234517
5727.705 0.5235299
5728.033 0.5235116
5728.361 0.5226749
5728.689 0.5235716
5729.018 0.5236498
5729.346 0.5236797
5729.674 0.5237096
5730.002 0.5234022
5730.331 0.5234382
5730.659 0.5236669
5730.987 0.5235586
5731.316 0.5225834
5731.645 0.5235825
5731.973 0.5236668
5732.302 0.5237029
5732.63 0.5236908
5732.959 0.5236307
5733.288 0.5236666
5733.616 0.5236546
5733.945 0.5236425
5734.274 0.5235823
5734.603 0.523185
5734.932 0.5236062
5735.26 0.5234979
5735.589 0.5236302
5735.918 0.52357
5736.248 0.523606
5736.576 0.523594
5736.905 0.523582
5737.235 0.5231846
5737.564 0.5235577
5737.893 0.5234973
5738.222 0.5235335
5738.552 0.5234731
5738.881 0.5234131
5739.21 0.5223902
5739.54 0.523485
5739.869 0.5234729
5740.199 0.5233332
5740.528 0.5233172
5740.858 0.5233973
5741.188 0.5233329
5741.517 0.5232689
5741.847 0.5231565
5742.176 0.5231405
5742.506 0.5230763
5742.836 0.523012
5743.166 0.5229958
5743.496 0.5228835
5743.825 0.5221947
5744.155 0.5225631
5744.485 0.522739
5744.815 0.5226747
5745.146 0.5224662
5745.476 0.5224499
5745.806 0.5225297
5746.136 0.5224653
5746.466 0.5219212
5746.796 0.5220971
5747.126 0.5221288
5747.457 0.5212005
5747.787 0.522144
5748.118 0.5220795
5748.448 0.5219674
5748.778 0.5219033
5749.109 0.5217429
5749.439 0.5216308
5749.77 0.521758
5750.101 0.5217304
5750.431 0.5216295
5750.762 0.5215284
5751.093 0.5214272
5751.423 0.5213742
5751.754 0.5212731
5752.085 0.5210283
5752.416 0.5210707
5752.747 0.5210174
5753.078 0.5209162
5753.409 0.5206237
5753.74 0.5207139
5754.071 0.520565
5754.402 0.5201291
5754.733 0.5204105
5755.064 0.5203571
5755.396 0.5202079
5755.727 0.5196768
5756.058 0.5199578
5756.39 0.519952
5756.721 0.5198986
5757.052 0.5197021
5757.384 0.5196006
5757.715 0.519595
5758.047 0.5195413
5758.378 0.5193925
5758.71 0.5192433
5759.042 0.5191895
5759.374 0.5191836
5759.705 0.5190347
5760.037 0.5188856
5760.369 0.5187357
5760.701 0.5185859
5761.032 0.5186744
5761.364 0.5186199
5761.696 0.5183748
5762.028 0.5183678
5762.36 0.5183607
5762.692 0.5182585
5763.024 0.5178232
5763.356 0.5180539
5763.689 0.5179514
5764.021 0.5178968
5764.353 0.5176995
5764.686 0.517597
5765.018 0.5172096
5765.35 0.5174875
5765.683 0.5174325
5766.015 0.5173303
5766.348 0.5172278
5766.68 0.517173
5767.013 0.5170705
5767.345 0.5169208
5767.678 0.5168657
5768.011 0.5166684
5768.343 0.5166611
5768.676 0.5162743
5769.009 0.5165035
5769.342 0.516401
5769.675 0.5162985
5770.007 0.5161024
5770.34 0.5161803
5770.673 0.5160215
5771.006 0.5159101
5771.339 0.5159879
5771.673 0.5159236
5772.006 0.5157649
5772.339 0.5157954
5772.672 0.5157312
5773.005 0.5154306
5773.339 0.5156502
5773.672 0.515586
5774.005 0.5152856
5774.339 0.5154103
5774.672 0.5151572
5775.006 0.5153292
5775.339 0.5153123
5775.673 0.5152953
5776.006 0.5152313
5776.34 0.5152141
5776.674 0.5151499
5777.007 0.5150858
5777.341 0.5150215
5777.675 0.514721
5778.009 0.5147984
5778.343 0.5148758
5778.677 0.5148115
5779.011 0.5147471
5779.345 0.5147301
5779.679 0.5146658
5780.013 0.5145568
5780.347 0.5146026
5780.681 0.5146484
5781.015 0.5145998
5781.35 0.5146456
5781.684 0.5145971
5782.018 0.5146429
5782.352 0.5146886
5782.687 0.5146873
5783.021 0.5146859
5783.355 0.5146374
5783.69 0.5146359
5784.024 0.5146345
5784.359 0.5146803
5784.694 0.5146317
5785.028 0.5147247
5785.363 0.5147232
5785.698 0.5147219
5786.033 0.5147676
5786.367 0.5147662
5786.702 0.5147176
5787.037 0.5147163
5787.372 0.5147148
5787.707 0.5147607
5788.042 0.5147592
5788.377 0.514805
5788.712 0.5147092
5789.047 0.5148022
5789.382 0.5148008
5789.717 0.5148465
5790.053 0.514855
5790.388 0.5148208
5790.723 0.5149755
5791.059 0.5150831
5791.394 0.5150961
5791.729 0.5152035
5792.065 0.5152641
5792.4 0.5153714
5792.736 0.515432
5793.071 0.5154921
5793.407 0.5155526
5793.743 0.5156131
5794.079 0.5157207
5794.414 0.5158282
5794.75 0.5158414
5795.086 0.5159018
5795.421 0.5159619
5795.757 0.5160697
5796.093 0.5161301
5796.429 0.5162378
5796.766 0.5162984
5797.102 0.5163115
5797.438 0.5164664
5797.773 0.5165267
5798.11 0.5165399
5798.446 0.5166476
5798.782 0.5167554
5799.119 0.516816
5799.455 0.5167817
5799.791 0.5169368
5800.127 0.5169631
5800.464 0.5171537
5800.8 0.5172495
5801.137 0.5173455
5801.474 0.5174889
5801.81 0.5175845
5802.147 0.5176805
5802.483 0.5177289
5802.82 0.5179196
5803.157 0.5180157
5803.494 0.5181116
5803.831 0.5182076
5804.167 0.5183033
5804.504 0.5183992
5804.841 0.5185426
5805.178 0.5186387
5805.515 0.5187347
5805.853 0.5188782
5806.189 0.5189739
5806.526 0.5190224
5806.864 0.5191186
5807.201 0.5193095
5807.538 0.519358
5807.875 0.519549
5808.213 0.5196452
5808.55 0.5197411
5808.888 0.5198374
5809.225 0.5199332
5809.562 0.5200768
5809.9 0.5201728
5810.238 0.5203118
5810.575 0.5204008
5810.913 0.5204902
5811.25 0.520579
5811.588 0.5207159
5811.926 0.5208051
5812.264 0.5208944
5812.602 0.5209837
5812.939 0.5211203
5813.277 0.5212095
5813.616 0.5212992
5813.954 0.5213884
5814.292 0.5214776
5814.629 0.5216142
5814.968 0.521656
5815.306 0.5217453
5815.644 0.5218821
5815.982 0.5220191
5816.321 0.5220608
5816.659 0.5221978
5816.997 0.522287
5817.335 0.5223761
5817.674 0.5224655
5818.013 0.5225551
5818.351 0.5226442
5818.689 0.5227812
5819.028 0.5229183
5819.367 0.5230079
5819.706 0.5230973
5820.044 0.5231807
5820.383 0.5232723
5820.722 0.5233164
5821.061 0.5233604
5821.399 0.5234043
5821.738 0.5234961
5822.077 0.5235401
5822.417 0.5235363
5822.755 0.5236281
5823.094 0.5236721
5823.434 0.523764
5823.772 0.52376
5824.112 0.5238519
5824.451 0.523896
5824.791 0.5238922
5825.129 0.5239839
5825.469 0.5240759
5825.808 0.5241199
5826.148 0.5241639
5826.487 0.5242557
5826.827 0.5242999
5827.166 0.5243438
5827.506 0.5243878
5827.845 0.5244319
5828.185 0.5245239
5828.525 0.5245678
5828.865 0.5246121
5829.204 0.5245602
5829.544 0.5247
5829.884 0.5246962
5830.224 0.5247453
5830.564 0.5247722
5830.904 0.5247513
5831.244 0.5247303
5831.584 0.5246613
5831.924 0.5247361
5832.264 0.5247151
5832.604 0.5246941
5832.944 0.5246731
5833.285 0.5246521
5833.625 0.524631
5833.965 0.524658
5834.306 0.5246368
5834.646 0.5246159
5834.987 0.5245948
5835.327 0.5246217
5835.667 0.524409
5836.008 0.5245796
5836.349 0.5245584
5836.689 0.5245854
5837.03 0.5245643
5837.371 0.5244954
5837.711 0.5245222
5838.052 0.5245012
5838.393 0.5244801
5838.734 0.5244589
5839.075 0.5244858
5839.416 0.5244647
5839.757 0.5244436
5840.098 0.5243102
5840.439 0.5243272
5840.78 0.5242485
5841.122 0.5241216
5841.463 0.5241386
5841.804 0.5240598
5842.145 0.523981
5842.486 0.5238545
5842.828 0.5238233
5843.169 0.5237446
5843.511 0.5236655
5843.852 0.523539
5844.194 0.5234123
5844.535 0.5234768
5844.877 0.5233979
5845.219 0.5232712
5845.56 0.5232402
5845.902 0.5231613
5846.244 0.52313
5846.585 0.5230513
5846.927 0.5229723
5847.27 0.5226547
5847.611 0.5228145
5847.953 0.5227355
5848.295 0.5226566
5848.637 0.5226252
5848.979 0.5225464
5849.321 0.5223721
5849.664 0.5223883
5850.006 0.5223088
5850.348 0.5221047
5850.69 0.5220913
5851.033 0.5220298
5851.375 0.5218735
5851.717 0.5218124
5852.06 0.5217033
5852.402 0.5214519
5852.745 0.5211524
5853.087 0.5213768
5853.43 0.5213153
5853.773 0.5212063
5854.115 0.5210975
5854.458 0.5209885
5854.801 0.5208796
5855.144 0.5207704
5855.487 0.5206615
5855.83 0.5205524
5856.172 0.5203962
5856.515 0.5201922
5856.858 0.5202731
5857.202 0.5201637
5857.544 0.5201026
5857.888 0.5199931
5858.231 0.5198842
5858.574 0.5197277
5858.917 0.5196662
5859.261 0.5194621
5859.604 0.5194479
5859.947 0.5193864
5860.291 0.5191864
5860.634 0.5190824
5860.978 0.5190726
5861.321 0.5184953
5861.665 0.5188641
5862.008 0.5188074
5862.352 0.5187029
5862.696 0.5184566
5863.04 0.5184468
5863.383 0.5179174
5863.727 0.5181911
5864.071 0.5181813
5864.415 0.5180296
5864.759 0.5178781
5865.103 0.517821
5865.447 0.5178111
5865.791 0.5177066
5866.135 0.5175079
5866.479 0.5174507
5866.823 0.5173935
5867.167 0.5168175
5867.512 0.5168072
5867.856 0.5169388
5868.2 0.5169758
5868.544 0.5168716
5868.889 0.5167668
5869.233 0.5162857
5869.578 0.516605
5869.922 0.5165007
5870.267 0.5161861
5870.612 0.5163497
5870.957 0.5162308
5871.301 0.5159239
5871.646 0.5160874
5871.991 0.5160625
5872.335 0.5152853
5872.68 0.5155898
5873.025 0.5154711
5873.37 0.5156814
5873.715 0.5155627
5874.06 0.5157259
5874.405 0.515654
5874.75 0.5154883
5875.096 0.5151812
5875.44 0.5153917
5875.786 0.5153197
5876.131 0.5151071
5876.477 0.5152228
5876.822 0.5147756
5877.167 0.5142811
5877.513 0.5148664
5877.858 0.5138559
5878.204 0.5142065
5878.549 0.5147449
5878.895 0.5143445
5879.24 0.5145072
5879.586 0.5146229
5879.932 0.5145509
5880.277 0.5144696
5880.624 0.5143505
5880.969 0.513997
5881.315 0.5128462
5881.661 0.5143214
5882.007 0.5142493
5882.353 0.5132394
5882.699 0.5130734
5883.045 0.5142203
5883.391 0.5131637
5883.737 0.513701
5884.083 0.5136756
5884.43 0.5132284
5884.776 0.5139999
5885.123 0.5140213
5885.469 0.5115585
5885.815 0.5134553
5886.162 0.5141329
5886.508 0.5140137
5886.854 0.5140822
5887.201 0.5132136
5887.548 0.5107039
5887.895 0.5123194
5888.241 0.5132781
5888.588 0.5136743
5888.935 0.5106969
5889.282 0.5111873
5889.628 0.513411
5889.975 0.5137601
5890.322 0.5124183
5890.669 0.5136088
5891.016 0.5137689
5891.363 0.510649
5891.71 0.5109027
5892.058 0.5135933
5892.405 0.5135192
5892.752 0.5132577
5893.099 0.5127618
5893.446 0.5102496
5893.794 0.5137379
5894.141 0.5113203
5894.489 0.5139645
5894.836 0.5125782
5895.184 0.5124571
5895.531 0.5141637
5895.879 0.5132461
5896.227 0.5140623
5896.574 0.5130508
5896.922 0.5135859
5897.27 0.5143084
5897.617 0.5141873
5897.965 0.512191
5898.313 0.5122575
5898.661 0.5138242
5899.009 0.5133281
5899.357 0.5138634
5899.705 0.5100359
5900.053 0.5138604
5900.401 0.5138179
5900.75 0.5123215
5901.098 0.5144833
5901.446 0.5118605
5901.794 0.5099391
5902.143 0.5142624
5902.491 0.5141729
5902.839 0.5137548
5903.188 0.5091087
5903.536 0.5145146
5903.885 0.5136741
5904.233 0.5146173
5904.582 0.5148095
5904.931 0.5150019
5905.279 0.5135035
5905.628 0.5144941
5905.977 0.515109
5906.326 0.5150197
5906.674 0.514836
5907.023 0.5141356
5907.373 0.5154086
5907.721 0.5153191
5908.07 0.5152765
5908.419 0.5155628
5908.769 0.5146744
5909.118 0.5150079
5909.467 0.514636
5909.816 0.5143581
5910.166 0.5154492
5910.515 0.5139119
5910.864 0.5157611
5911.213 0.515682
5911.563 0.5156501
5911.913 0.5144416
5912.262 0.5132793
5912.612 0.5158834
5912.961 0.5160394
5913.311 0.5163838
5913.661 0.5156928
5914.01 0.5163667
5914.36 0.5155342
5914.71 0.5141357
5915.06 0.5166943
5915.41 0.5166152
5915.76 0.515358
5916.109 0.516645
5916.459 0.5156232
5916.81 0.5167694
5917.16 0.5140023
5917.51 0.5164692
5917.86 0.5170971
5918.21 0.5165933
5918.561 0.5169856
5918.911 0.516529
5919.261 0.5172984
5919.612 0.5168417
5919.962 0.5132683
5920.312 0.5170515
5920.663 0.5118607
5921.014 0.5172979
5921.364 0.5124844
5921.715 0.5174026
5922.065 0.5162272
5922.417 0.5177436
5922.767 0.5174654
5923.118 0.5173761
5923.469 0.517948
5923.82 0.517906
5924.17 0.5154066
5924.521 0.5174438
5924.873 0.5174963
5925.224 0.5154687
5925.575 0.5160411
5925.926 0.5142955
5926.277 0.5179895
5926.628 0.5157246
5926.979 0.5184251
5927.331 0.5184776
5927.682 0.5185301
5928.034 0.5185826
5928.385 0.5182094
5928.737 0.5187349
5929.088 0.5187399
5929.439 0.5186977
5929.792 0.5164314
5930.143 0.5186032
5930.495 0.5183936
5930.846 0.5183732
5931.198 0.5187314
5931.55 0.518995
5931.902 0.5190219
5932.254 0.5186229
5932.605 0.5186025
5932.958 0.5190555
5933.31 0.5190352
5933.662 0.5148934
5934.014 0.5189471
5934.366 0.516748
5934.718 0.5189536
5935.07 0.5191225
5935.422 0.5187708
5935.775 0.5186558
5936.127 0.519251
5936.479 0.5190884
5936.832 0.5188786
5937.185 0.5191898
5937.537 0.5180324
5937.89 0.5193385
5938.242 0.5194129
5938.595 0.5192978
5938.948 0.5189931
5939.3 0.519399
5939.653 0.5180517
5940.006 0.5193577
5940.359 0.5192092
5940.712 0.5194871
5941.064 0.5194809
5941.417 0.5194272
5941.771 0.5186151
5942.124 0.5176609
5942.477 0.5182708
5942.83 0.5139476
5943.183 0.51565
5943.537 0.519152
5943.89 0.5168704
5944.243 0.5136376
5944.596 0.5191804
5944.95 0.5192215
5945.303 0.5192624
5945.657 0.5191613
5946.01 0.5174963
5946.364 0.5173003
5946.717 0.5190948
5947.071 0.5179514
5947.425 0.5169495
5947.778 0.5149511
5948.132 0.5188799
5948.486 0.5171201
5948.84 0.516118
5949.194 0.5189083
5949.548 0.5189019
5949.902 0.518469
5950.256 0.5185814
5950.61 0.518353
5950.964 0.5154231
5951.318 0.5168067
5951.672 0.5183787
5952.027 0.5180083
5952.381 0.5185852
5952.735 0.5181201
5953.09 0.5171814
5953.444 0.5186105
5953.798 0.5185717
5954.153 0.5184854
5954.507 0.5183047
5954.862 0.518455
5955.217 0.5181794
5955.571 0.5183772
5955.926 0.5182437
5956.281 0.518252
5956.636 0.5164622
5956.991 0.5181742
5957.345 0.5179935
5957.7 0.5179545
5958.055 0.5169695
5958.41 0.5171673
5958.765 0.5177431
5959.121 0.5177987
5959.476 0.5156314
5959.831 0.5163969
5960.186 0.5154947
5960.541 0.5173246
5960.896 0.517121
5961.252 0.517437
5961.607 0.5167137
5961.963 0.5173606
5962.318 0.5172516
5962.674 0.5171423
5963.029 0.5166082
5963.385 0.5169713
5963.74 0.5168151
5964.096 0.5160921
5964.452 0.5168799
5964.808 0.5167236
5965.164 0.5166616
5965.52 0.5165053
5965.875 0.5165851
5966.231 0.5165232
5966.587 0.5160367
5966.943 0.5162107
5967.299 0.5162902
5967.655 0.5159924
5968.011 0.5150344
5968.368 0.5144064
5968.724 0.515618
5969.08 0.5154147
5969.437 0.513608
5969.793 0.5132634
5970.149 0.5152258
5970.506 0.5154862
5970.862 0.514616
5971.219 0.5154417
5971.575 0.514336
5971.932 0.5151615
5972.289 0.5151863
5972.646 0.5151168
5973.002 0.5127873
5973.359 0.5149781
5973.716 0.5149557
5974.073 0.514792
5974.429 0.5146286
5974.787 0.5147473
5975.144 0.5146307
5975.5 0.5145615
5975.857 0.514257
5976.215 0.5144224
5976.572 0.514212
5976.929 0.5120266
5977.286 0.51412
5977.644 0.5138155
5978.001 0.5133702
5978.358 0.5136298
5978.716 0.5116336
5979.073 0.513209
5979.431 0.5125758
5979.788 0.5132579
5980.146 0.5134744
5980.503 0.5134156
5980.861 0.5131691
5981.219 0.5132976
5981.577 0.5132856
5981.935 0.5127574
5982.292 0.5129333
5982.65 0.513015
5983.008 0.5125339
5983.366 0.5126626
5983.724 0.5126506
5984.083 0.512779
5984.44 0.5126734
5984.799 0.5125675
5985.157 0.5126022
5985.515 0.5125432
5985.874 0.5122499
5986.231 0.5124254
5986.59 0.512132
5986.948 0.5111828
5987.307 0.5121545
5987.666 0.5121423
5988.024 0.5121303
5988.382 0.5120244
5988.741 0.5113098
5989.1 0.5119063
5989.458 0.5118474
5989.817 0.5114607
5990.176 0.5110865
5990.535 0.5115675
5990.894 0.510785
5991.253 0.5115936
5991.612 0.5113729
5991.971 0.5114326
5992.33 0.5100889
5992.689 0.511412
5993.048 0.5113316
5993.407 0.5113446
5993.767 0.5104221
5994.126 0.5113238
5994.485 0.5112901
5994.844 0.510929
5995.204 0.5111291
5995.563 0.5110486
5995.923 0.5111083
5996.282 0.5103266
5996.642 0.5110408
5997.001 0.5109603
5997.361 0.5109733
5997.721 0.5109394
5998.081 0.5108122
5998.44 0.5108252
5998.8 0.5107915
5999.16 0.5101502
5999.52 0.5106304
5999.88 0.5103163
6000.24 0.5106787
6000.6 0.5107254
6000.96 0.5106784
6001.32 0.5099306
6001.681 0.5104445
6002.041 0.510678
6002.401 0.5106779
6002.761 0.5106776
6003.122 0.5105374
6003.482 0.5106773
6003.842 0.5104903
6004.203 0.5103499
6004.563 0.5105833
6004.924 0.51063
6005.285 0.5106766
6005.646 0.5104895
6006.006 0.5106762
6006.367 0.510349
6006.728 0.5105358
6007.088 0.5106757
6007.449 0.5106288
6007.81 0.5106286
6008.171 0.5106284
6008.532 0.5106283
6008.893 0.5106749
6009.254 0.5106746
6009.615 0.510581
6009.977 0.5106276
6010.338 0.5106554
6010.699 0.510732
6011.061 0.5105281
6011.422 0.5108382
6011.783 0.5108213
6012.145 0.5108978
6012.506 0.5109276
6012.868 0.5109574
6013.229 0.5108002
6013.591 0.5109234
6013.952 0.5110467
6014.314 0.5110297
6014.676 0.5110596
6015.038 0.5111362
6015.399 0.5111659
6015.761 0.5111957
6016.123 0.5112255
6016.485 0.5112553
6016.847 0.5111448
6017.209 0.511081
6017.571 0.5108769
6017.934 0.5113745
6018.295 0.5114042
6018.658 0.5114342
6019.02 0.5114639
6019.382 0.5115405
6019.745 0.5115704
6020.107 0.511605
6020.47 0.5116516
6020.832 0.5115576
6021.195 0.5117446
6021.557 0.5117911
6021.92 0.5118844
6022.282 0.5119308
6022.645 0.5119774
6023.008 0.5119303
6023.371 0.5120237
6023.733 0.5121169
6024.096 0.5121635
6024.459 0.51221
6024.822 0.5122565
6025.185 0.5123031
6025.548 0.512256
6025.912 0.5124432
6026.274 0.5124896
6026.638 0.5125363
6027.001 0.5125358
6027.364 0.5126293
6027.728 0.5127228
6028.091 0.5127224
6028.454 0.512816
6028.818 0.5128626
6029.181 0.5129091
6029.545 0.5129088
6029.908 0.5130022
6030.272 0.5130461
6030.636 0.5131362
6031.0 0.5131793
6031.363 0.5132222
6031.727 0.5132653
6032.091 0.5133083
6032.455 0.5133983
6032.818 0.5133943
6033.183 0.5134844
6033.546 0.5135743
6033.911 0.5135236
6034.275 0.5136605
6034.639 0.5137036
6035.003 0.5137466
6035.367 0.5138366
6035.731 0.5138797
6036.096 0.5139228
6036.46 0.5139659
6036.825 0.5140091
6037.189 0.5140992
6037.554 0.5140952
6037.918 0.5141853
6038.283 0.5142285
6038.647 0.5142715
6039.012 0.5143146
6039.377 0.5144047
6039.742 0.5144479
6040.106 0.514484
6040.471 0.5145037
6040.836 0.5145701
6041.201 0.5145897
6041.566 0.5145622
6041.931 0.5146287
6042.296 0.5146952
6042.661 0.5147147
6043.026 0.5146872
6043.392 0.5147538
6043.757 0.5147733
6044.122 0.5148398
6044.487 0.5148593
6044.853 0.5148789
6045.218 0.5148984
6045.583 0.514965
6045.949 0.5149845
6046.315 0.5150041
6046.68 0.5150236
6047.046 0.5150902
6047.412 0.5151098
6047.777 0.5151293
6048.143 0.5151488
6048.509 0.5151683
6048.875 0.5152349
6049.241 0.5152546
6049.607 0.515274
6049.973 0.5152937
6050.339 0.5152808
6050.705 0.5153126
6051.071 0.5152974
6051.437 0.515282
6051.803 0.5152666
6052.17 0.5152984
6052.536 0.515283
6052.902 0.5152678
6053.269 0.5152994
6053.635 0.5152841
6054.001 0.5152688
6054.368 0.5152535
6054.735 0.5152852
6055.102 0.5152697
6055.468 0.5152544
6055.835 0.5152861
6056.202 0.5152708
6056.568 0.5152555
6056.935 0.5152401
6057.302 0.5152718
6057.669 0.5152564
6058.036 0.5152411
6058.403 0.5152257
6058.77 0.5152573
6059.137 0.515242
6059.504 0.5152267
6059.872 0.5152583
6060.239 0.5152218
6060.606 0.515221
6060.974 0.515173
6061.341 0.5151252
6061.708 0.5150774
6062.076 0.5150763
6062.443 0.5150285
6062.811 0.5149805
6063.178 0.5149797
6063.546 0.5149317
6063.914 0.5149307
6064.281 0.5148829
6064.649 0.5148349
6065.017 0.5148339
6065.385 0.5147859
6065.753 0.514738
6066.121 0.51469
6066.489 0.514689
6066.857 0.514641
6067.225 0.5145931
6067.593 0.5145921
6067.961 0.5145441
6068.33 0.5144959
6068.698 0.514495
6069.066 0.514447
6069.435 0.5143989
6069.803 0.5143978
6070.171 0.5143418
6070.54 0.5143235
6070.908 0.5142583
6071.277 0.5141932
6071.646 0.5141747
6072.014 0.5141096
6072.383 0.5140444
6072.751 0.514026
6073.121 0.5139605
6073.489 0.5138956
6073.858 0.5138771
6074.227 0.5138118
6074.596 0.5137465
6074.965 0.5137281
6075.334 0.5136628
6075.703 0.5135975
6076.072 0.5135791
6076.441 0.5135139
6076.811 0.5134484
6077.18 0.5134298
6077.549 0.5133646
6077.919 0.5132992
6078.289 0.5132805
6078.658 0.5132151
6079.027 0.51315
6079.397 0.5131312
6079.767 0.5130658
6080.136 0.5130021
6080.506 0.5129878
6080.875 0.5129269
6081.246 0.5129124
6081.615 0.5128515
6081.985 0.5127906
6082.355 0.5127763
6082.725 0.5127152
6083.095 0.5126542
6083.465 0.5126398
6083.835 0.5125787
6084.206 0.5125642
6084.576 0.5125031
6084.946 0.5124422
6085.316 0.5124278
6085.687 0.5123666
6086.057 0.5123521
6086.427 0.5122911
6086.798 0.5122299
6087.168 0.5122155
6087.539 0.5121543
6087.909 0.5120934
6088.28 0.5120787
6088.651 0.5120175
6089.021 0.5119565
6089.392 0.5119419
6089.763 0.5118807
6090.134 0.5118284
6090.505 0.5118386
6090.876 0.5118022
6091.247 0.5118123
6091.618 0.5117759
6091.989 0.511786
6092.36 0.5117496
6092.731 0.5117132
6093.103 0.5117233
6093.474 0.5116869
6093.845 0.5116969
6094.217 0.5116605
6094.588 0.511624
6094.959 0.5116341
6095.331 0.5115977
6095.703 0.5116076
6096.074 0.5115712
6096.446 0.5115346
6096.817 0.5115448
6097.189 0.5115083
6097.561 0.5115183
6097.933 0.5114818
6098.305 0.5114453
6098.677 0.5114553
6099.048 0.5114188
6099.42 0.5113823
6099.792 0.5113922
6100.165 0.5113707
6100.537 0.5114146
6100.909 0.5114121
6101.281 0.5114096
6101.653 0.5114534
6102.026 0.5114508
6102.398 0.5114948
6102.771 0.5114922
6103.143 0.5114896
6103.516 0.5115334
6103.888 0.5115308
6104.261 0.5115748
6104.633 0.5115722
6105.006 0.5115697
6105.379 0.5116135
6105.751 0.5116109
6106.125 0.5116548
6106.497 0.5116522
6106.87 0.5116497
6107.243 0.5116934
6107.616 0.5116908
6107.989 0.5116883
6108.362 0.5117322
6108.735 0.5117295
6109.109 0.511727
6109.482 0.5117709
6109.855 0.5117683
6110.229 0.5117834
6110.602 0.5118561
6110.975 0.5118822
6111.349 0.5119085
6111.722 0.511981
6112.096 0.5120073
6112.469 0.5120335
6112.843 0.5121062
6113.217 0.5121324
6113.59 0.5121586
6113.964 0.5122314
6114.338 0.5122576
6114.712 0.5123302
6115.086 0.5123565
6115.46 0.5123828
6115.834 0.5124555
6116.208 0.5124817
6116.582 0.512508
6116.956 0.5125806
6117.331 0.512607
6117.705 0.5126332
6118.079 0.5127059
6118.453 0.5127321
6118.828 0.5128049
6119.202 0.5128312
6119.577 0.5128575
6119.951 0.5129302
6120.326 0.5129657
6120.7 0.5130023
6121.075 0.5130391
6121.45 0.5131224
6121.824 0.5131592
6122.199 0.5131959
6122.574 0.5132793
6122.949 0.5133161
6123.324 0.5133994
6123.699 0.5134362
6124.074 0.513473
6124.449 0.5135562
6124.824 0.513593
6125.199 0.5136298
6125.574 0.5136666
6125.95 0.5137501
6126.325 0.5137869
6126.7 0.5138237
6127.076 0.513907
6127.451 0.5139438
6127.827 0.5140272
6128.202 0.5140641
6128.578 0.5141475
6128.953 0.5141842
6129.329 0.5142677
6129.705 0.5143045
6130.08 0.5143387
6130.456 0.51441
6130.832 0.5144346
6131.208 0.5145056
6131.584 0.5145302
6131.96 0.5146014
6132.336 0.514626
6132.712 0.5146505
6133.088 0.5147218
6133.464 0.5147463
6133.84 0.5148175
6134.217 0.5148422
6134.593 0.5148667
6134.969 0.5149379
6135.346 0.5149626
6135.722 0.5149872
6136.099 0.5150583
6136.475 0.515083
6136.852 0.5151076
6137.229 0.5151789
6137.605 0.5152035
6137.982 0.5152281
6138.358 0.5152992
6138.735 0.5153239
6139.112 0.5153484
6139.489 0.5154197
6139.866 0.5154443
6140.243 0.5154958
6140.62 0.5154895
6140.997 0.5154833
6141.375 0.5155236
6141.751 0.5155174
6142.129 0.5155112
6142.506 0.5155514
6142.883 0.5155452
6143.261 0.5155389
6143.638 0.5155792
6144.016 0.515573
6144.393 0.5155668
6144.771 0.5156072
6145.148 0.5156009
6145.526 0.5155947
6145.904 0.5156349
6146.282 0.5156286
6146.659 0.515669
6147.037 0.5156627
6147.415 0.5156565
6147.793 0.5156969
6148.171 0.5156906
6148.549 0.5156842
6148.927 0.5157246
6149.305 0.5157183
6149.683 0.5157121
6150.062 0.5157464
6150.44 0.515704
6150.818 0.5156618
6151.196 0.5156661
6151.575 0.5156236
6151.953 0.5155813
6152.332 0.5155854
6152.71 0.515543
6153.089 0.5155007
6153.467 0.5154583
6153.846 0.5154624
6154.225 0.5154199
6154.604 0.5153775
6154.982 0.5153818
6155.361 0.5153393
6155.74 0.5152967
6156.119 0.515301
6156.498 0.5152586
6156.877 0.5152162
6157.256 0.5152202
6157.635 0.5151777
6158.015 0.5151352
6158.394 0.5151392
6158.773 0.5150968
6159.152 0.5150543
6159.532 0.5150583
6159.911 0.5150158
6160.291 0.5149526
6160.67 0.5149297
6161.05 0.5148602
6161.43 0.5147907
6161.809 0.5147213
6162.189 0.5146983
6162.568 0.5146289
6162.948 0.5145593
6163.328 0.5145363
6163.708 0.5144668
6164.088 0.5143973
6164.468 0.5143742
6164.848 0.5143046
6165.228 0.5142351
6165.608 0.5141656
6165.988 0.5141425
6166.369 0.5140727
6166.749 0.5140032
6167.129 0.5139337
6167.51 0.5139104
6167.89 0.5138408
6168.271 0.5138174
6168.651 0.513748
6169.031 0.5136784
6169.412 0.513655
6169.792 0.5135855
6170.173 0.513513
6170.554 0.5134833
6170.935 0.5134073
6171.316 0.5133314
6171.697 0.5133016
6172.078 0.5132254
6172.458 0.5131497
6172.839 0.5131199
6173.221 0.5130437
6173.602 0.5129677
6173.983 0.512938
6174.364 0.5128621
6174.745 0.512786
6175.126 0.5127562
6175.508 0.51268
6175.889 0.5126039
6176.271 0.5125278
6176.652 0.5124981
6177.034 0.5124218
6177.416 0.5123457
6177.797 0.5123158
6178.179 0.5122395
6178.561 0.5121635
6178.942 0.5121337
6179.324 0.5120574
6179.706 0.5119812
6180.088 0.5119546
6180.47 0.5118939
6180.852 0.5118331
6181.234 0.5118184
6181.616 0.5117576
6181.998 0.5116969
6182.38 0.5116823
6182.763 0.5116212
6183.145 0.5115605
6183.527 0.5115458
6183.91 0.5114848
6184.292 0.5114241
6184.674 0.5113633
6185.057 0.5113484
6185.439 0.5112877
6185.822 0.5112268
6186.205 0.5112119
6186.587 0.5111511
6186.97 0.5110901
6187.353 0.5110753
6187.736 0.5110145
6188.119 0.5109534
6188.502 0.5108926
6188.885 0.5108777
6189.268 0.5108168
6189.651 0.5107558
6190.034 0.5106977
6190.417 0.5107139
6190.8 0.5106841
6191.184 0.5106543
6191.567 0.5106706
6191.951 0.5106407
6192.334 0.5106111
6192.717 0.5105814
6193.101 0.5105975
6193.484 0.5105678
6193.868 0.510538
6194.252 0.5105082
6194.635 0.5105244
6195.019 0.5104945
6195.403 0.5104648
6195.787 0.510435
6196.171 0.5104512
6196.555 0.5104213
6196.938 0.5103917
6197.323 0.5103617
6197.707 0.5103778
6198.091 0.5103481
6198.475 0.5103183
6198.859 0.5102886
6199.244 0.5103046
6199.628 0.5102748
6200.012 0.510246
6200.397 0.5102531
6200.781 0.5103061
6201.166 0.510313
6201.55 0.5103201
6201.935 0.510327
6202.32 0.5103341
6202.705 0.5103871
6203.089 0.5103941
6203.474 0.5104011
6203.859 0.5104081
6204.244 0.510461
6204.628 0.5104681
6205.014 0.5104751
6205.399 0.510528
6205.784 0.510535
6206.169 0.510542
6206.554 0.5105491
6206.939 0.510556
6207.325 0.510609
6207.71 0.5106161
6208.095 0.510623
6208.481 0.510676
6208.866 0.5106829
6209.252 0.51069
6209.637 0.5106969
6210.023 0.5107512
6210.409 0.5107802
6210.794 0.5108088
6211.18 0.5108377
6211.566 0.5109125
6211.952 0.5109413
6212.338 0.5109701
6212.724 0.5110449
6213.11 0.5110737
6213.496 0.5111026
6213.882 0.5111773
6214.268 0.5112062
6214.654 0.511235
6215.041 0.5113098
6215.427 0.5113385
6215.813 0.5113674
6216.199 0.5113963
6216.586 0.5114712
6216.972 0.5115
6217.359 0.5115288
6217.746 0.5115577
6218.132 0.5116325
6218.519 0.5116614
6218.905 0.5116901
6219.292 0.511765
6219.679 0.5117939
6220.066 0.5118226
6220.453 0.5118505
6220.84 0.5119244
6221.227 0.5119522
6221.614 0.51198
6222.001 0.5120079
6222.388 0.5120818
6222.775 0.5121096
6223.163 0.5121376
6223.55 0.5121654
6223.938 0.5121933
6224.325 0.5122672
6224.712 0.5122951
6225.1 0.512323
6225.487 0.5123507
6225.875 0.5124246
6226.262 0.5124526
6226.65 0.5124804
6227.038 0.5125084
6227.426 0.5125823
6227.813 0.5126101
6228.201 0.512638
6228.589 0.5127119
6228.977 0.5127397
6229.365 0.5127677
6229.753 0.5127955
6230.142 0.5128146
6230.53 0.5128182
6230.918 0.5128677
6231.306 0.5128714
6231.694 0.5128749
6232.083 0.5129245
6232.471 0.512928
6232.86 0.5129315
6233.248 0.5129352
6233.637 0.5129848
6234.025 0.5129883
6234.414 0.5129918
6234.803 0.5129954
6235.191 0.5129989
6235.58 0.5130486
6235.969 0.5130521
6236.358 0.5130557
6236.747 0.5130593
6237.136 0.5131088
6237.525 0.5131123
6237.914 0.5131159
6238.303 0.5131655
6238.692 0.5131691
6239.082 0.5131726
6239.471 0.5131761
6239.86 0.5132257
6240.25 0.5132053
6240.639 0.5131716
6241.028 0.5131379
6241.418 0.5131041
6241.808 0.5131164
6242.197 0.5130827
6242.587 0.5130488
6242.977 0.513015
6243.366 0.5130271
6243.756 0.5129935
6244.146 0.5129597
6244.536 0.5129258
6244.926 0.5129381
6245.316 0.5129043
6245.706 0.5128706
6246.096 0.5128368
6246.486 0.5128489
6246.876 0.5128152
6247.267 0.5127813
6247.657 0.5127935
6248.047 0.5126677
6248.438 0.5127258
6248.828 0.512692
6249.219 0.5126582
6249.609 0.5126703
6250.0 0.5126365
6250.391 0.5125684
6250.781 0.5125005
6251.172 0.5124783
6251.563 0.5124102
6251.954 0.5122961
6252.345 0.5123199
6252.735 0.512252
6253.126 0.5121838
6253.518 0.5121615
6253.909 0.5120933
6254.3 0.5120253
6254.691 0.5119572
6255.082 0.511935
6255.474 0.5118667
6255.865 0.5117987
6256.256 0.5117766
6256.647 0.5117084
6257.039 0.5116403
6257.431 0.5115261
6257.822 0.5115039
6258.214 0.5114815
6258.605 0.5114135
6258.997 0.5113451
6259.389 0.5113227
6259.781 0.5112546
6260.173 0.511041
6260.565 0.5110923
6260.957 0.511052
6261.349 0.5109659
6261.741 0.5108799
6262.133 0.5108397
6262.525 0.5107077
6262.917 0.5103015
6263.31 0.5104898
6263.702 0.5104951
6264.094 0.5103634
6264.487 0.5103686
6264.879 0.5102826
6265.271 0.5102422
6265.664 0.5101559
6266.057 0.509887
6266.449 0.5098466
6266.842 0.5098518
6267.235 0.5098112
6267.628 0.5097707
6268.021 0.5096844
6268.414 0.5095525
6268.807 0.5095575
6269.199 0.5091065
6269.592 0.5091573
6269.985 0.5092991
6270.379 0.5090367
6270.772 0.5091851
6271.165 0.5091056
6271.559 0.5090715
6271.952 0.508764
6272.345 0.5089123
6272.739 0.5088784
6273.132 0.5087988
6273.526 0.5085369
6273.919 0.5082753
6274.313 0.5080591
6274.707 0.5085256
6275.101 0.5084459
6275.494 0.5083664
6275.888 0.5083321
6276.282 0.5081615
6276.676 0.5080364
6277.07 0.5076839
6277.464 0.5080134
6277.858 0.5078428
6278.252 0.4931787
6278.646 0.4914097
6279.041 0.4774833
6279.435 0.4904779
6279.829 0.4726854
6280.224 0.5043815
6280.618 0.489969
6281.013 0.4853429
6281.407 0.5064078
6281.802 0.4895905
6282.196 0.4863389
6282.591 0.5065706
6282.986 0.4909025
6283.38 0.5063764
6283.775 0.4904827
6284.17 0.5058645
6284.565 0.4948074
6284.96 0.5069405
6285.355 0.4964372
6285.75 0.5067462
6286.146 0.5022925
6286.541 0.5066878
6286.936 0.5069079
6287.331 0.5064028
6287.727 0.5058069
6288.122 0.5067976
6288.517 0.5067457
6288.913 0.5065127
6289.308 0.4975665
6289.704 0.5061372
6290.1 0.5065931
6290.495 0.5065796
6290.891 0.5057963
6291.287 0.4954795
6291.683 0.5061772
6292.078 0.4911743
6292.474 0.5060598
6292.87 0.5065444
6293.266 0.5065763
6293.662 0.5061553
6294.059 0.491018
6294.455 0.5049057
6294.851 0.4878924
6295.247 0.5065091
6295.644 0.5065861
6296.04 0.5065727
6296.436 0.5057896
6296.833 0.4893777
6297.229 0.5062155
6297.626 0.4869351
6298.022 0.5062792
6298.419 0.5065372
6298.816 0.5055279
6299.212 0.5065103
6299.609 0.5065421
6300.006 0.4900486
6300.403 0.5061411
6300.8 0.4881718
6301.197 0.5061795
6301.594 0.5066966
6301.991 0.5067611
6302.389 0.5067804
6302.786 0.5067996
6303.183 0.5068188
6303.581 0.4926301
6303.978 0.5064952
6304.375 0.4913924
6304.773 0.506579
6305.17 0.5070056
6305.568 0.5070701
6305.965 0.506999
6306.363 0.5071086
6306.761 0.5071279
6307.159 0.5068756
6307.557 0.4958211
6307.954 0.5070499
6308.352 0.4950399
6308.75 0.507179
6309.148 0.5072889
6309.546 0.5073081
6309.944 0.5073273
6310.343 0.507403
6310.741 0.5073897
6311.139 0.5071499
6311.538 0.4994684
6311.936 0.5073953
6312.334 0.4990315
6312.733 0.5076406
6313.131 0.5077633
6313.53 0.5077954
6313.929 0.5078729
6314.327 0.5077689
6314.726 0.507665
6315.125 0.5079691
6315.523 0.5080011
6315.922 0.502906
6316.321 0.5079746
6316.72 0.5025606
6317.12 0.5081748
6317.519 0.5082523
6317.917 0.5073772
6318.317 0.5082711
6318.716 0.5083485
6319.115 0.5073373
6319.515 0.5084582
6319.914 0.5084901
6320.313 0.5085127
6320.713 0.5055827
6321.112 0.5085525
6321.512 0.5044412
6321.912 0.5086377
6322.312 0.5087031
6322.711 0.5087229
6323.111 0.508516
6323.511 0.5088081
6323.911 0.5087371
6324.311 0.5085757
6324.71 0.5089131
6325.111 0.5088877
6325.511 0.5063199
6325.911 0.5089275
6326.311 0.5073586
6326.711 0.5090127
6327.112 0.5091234
6327.512 0.5091434
6327.913 0.5091633
6328.313 0.5089561
6328.713 0.5092484
6329.114 0.5092684
6329.515 0.5093337
6329.915 0.5093083
6330.316 0.5091209
6330.717 0.5084727
6331.118 0.5092774
6331.518 0.5084476
6331.919 0.5092523
6332.32 0.5093757
6332.721 0.5093179
6333.122 0.5092598
6333.523 0.509338
6333.924 0.5088261
6334.326 0.5093582
6334.727 0.5093455
6335.128 0.5090607
6335.53 0.5093204
6335.931 0.5089901
6336.333 0.5093859
6336.734 0.5089649
6337.136 0.5093607
6337.537 0.5093935
6337.939 0.5091085
6338.341 0.5093682
6338.742 0.5094009
6339.144 0.5092976
6339.546 0.5093756
6339.948 0.509363
6340.35 0.5092711
6340.752 0.5093101
6341.154 0.5092584
6341.556 0.509252
6341.958 0.5090189
6342.361 0.5089672
6342.763 0.5090514
6343.165 0.5088185
6343.567 0.5090387
6343.97 0.5083071
6344.373 0.508935
6344.775 0.5088381
6345.178 0.5088769
6345.58 0.5088705
6345.983 0.5088187
6346.386 0.5087668
6346.789 0.5087604
6347.191 0.5086182
6347.594 0.5086569
6347.997 0.5085598
6348.4 0.508508
6348.803 0.5078678
6349.207 0.5081781
6349.609 0.5084884
6350.013 0.5084355
6350.416 0.5083541
6350.819 0.5083179
6351.223 0.5082363
6351.626 0.5081548
6352.029 0.5080734
6352.433 0.5074495
6352.836 0.5078654
6353.24 0.5076481
6353.644 0.5077926
6354.047 0.507666
6354.451 0.5076747
6354.855 0.5075931
6355.259 0.5075567
6355.663 0.507475
6356.067 0.5073935
6356.471 0.5073571
6356.875 0.5069597
6357.279 0.507194
6357.683 0.5071574
6358.087 0.5070759
6358.492 0.5069941
6358.896 0.5069577
6359.3 0.5068762
6359.705 0.5066141
6360.109 0.5066207
6360.514 0.5065764
6360.918 0.5063523
6361.323 0.5063531
6361.728 0.506444
6362.133 0.5063548
6362.538 0.5062655
6362.942 0.5057715
6363.347 0.5059972
6363.752 0.506043
6364.157 0.5059537
6364.562 0.5059094
6364.967 0.5058202
6365.373 0.5056858
6365.777 0.5056418
6366.183 0.5055522
6366.588 0.5054631
6366.994 0.5054184
6367.399 0.5053743
6367.804 0.5052849
6368.21 0.5052404
6368.615 0.5051511
6369.021 0.5050618
6369.427 0.5049723
6369.833 0.5049278
6370.238 0.5044453
6370.644 0.5046877
6371.05 0.5047506
6371.456 0.5045893
6371.862 0.5045626
6372.268 0.5045806
6372.674 0.5044642
6373.08 0.5041686
6373.486 0.5040075
6373.893 0.5042045
6374.299 0.5042673
6374.705 0.5041508
6375.111 0.5040346
6375.518 0.504097
6375.924 0.5040255
6376.331 0.5039089
6376.738 0.5039268
6377.145 0.5038102
6377.551 0.5038281
6377.958 0.5037563
6378.365 0.5036845
6378.771 0.5036576
6379.178 0.5035859
6379.585 0.5035141
6379.992 0.5034871
6380.399 0.5034525
6380.807 0.5033739
6381.214 0.5032953
6381.621 0.5033956
6382.028 0.5033617
6382.436 0.5033724
6382.843 0.5032939
6383.25 0.5032601
6383.658 0.5033153
6384.065 0.5032369
6384.473 0.5031136
6384.88 0.5031691
6385.288 0.5031797
6385.696 0.5031905
6386.104 0.5031565
6386.512 0.5030778
6386.919 0.5031334
6387.328 0.5030547
6387.735 0.5030655
6388.144 0.5030314
6388.552 0.5030421
6388.96 0.5030528
6389.368 0.5029741
6389.776 0.5029849
6390.185 0.5029708
6390.593 0.5029362
6391.001 0.5030356
6391.41 0.5029119
6391.818 0.5031004
6392.227 0.5030213
6392.636 0.5030314
6393.044 0.5030861
6393.453 0.5031855
6393.862 0.5031956
6394.271 0.5031611
6394.68 0.5031711
6395.088 0.5032259
6395.498 0.5033252
6395.907 0.5032907
6396.316 0.5033008
6396.725 0.5033555
6397.134 0.5034102
6397.543 0.5032865
6397.953 0.5034304
6398.362 0.5034851
6398.771 0.5034952
6399.181 0.503327
6399.59 0.5035154
6400.0 0.5035702
6400.41 0.5036153
6400.819 0.5037049
6401.229 0.50375
6401.639 0.503795
6402.049 0.5037507
6402.458 0.5038404
6402.869 0.5039749
6403.278 0.5040197
6403.688 0.5040203
6404.099 0.5041547
6404.509 0.5041997
6404.919 0.5041108
6405.329 0.5043346
6405.74 0.5042903
6406.15 0.5044248
6406.561 0.5044251
6406.971 0.5045597
6407.381 0.5046046
6407.792 0.5046944
6408.203 0.5047396
6408.613 0.5047845
6409.024 0.5047404
6409.435 0.5048749
6409.846 0.5048307
6410.256 0.5049278
6410.667 0.5050297
6411.078 0.505087
6411.489 0.5050995
6411.9 0.5053356
6412.312 0.5053931
6412.723 0.5053608
6413.134 0.5055074
6413.545 0.5056094
6413.957 0.5056667
6414.368 0.505724
6414.78 0.5057813
6415.191 0.5057938
6415.603 0.5059407
6416.014 0.5059083
6416.426 0.5060552
6416.838 0.5060676
6417.25 0.5062146
6417.662 0.5062718
6418.073 0.5062395
6418.485 0.5063416
6418.897 0.506354
6419.309 0.5065459
6419.721 0.506648
6420.133 0.5067008
6420.546 0.5067444
6420.958 0.5067878
6421.37 0.506607
6421.783 0.5068747
6422.195 0.506963
6422.607 0.5070065
6423.02 0.5070949
6423.433 0.5071384
6423.845 0.5071818
6424.258 0.5072253
6424.671 0.5073137
6425.083 0.5073122
6425.497 0.5074008
6425.909 0.5074891
6426.322 0.5075327
6426.735 0.5072619
6427.148 0.5075298
6427.562 0.5075734
6427.975 0.5077516
6428.388 0.50784
6428.801 0.5078835
6429.214 0.5078821
6429.628 0.5080155
6430.041 0.5080557
6430.455 0.5080653
6430.868 0.5080749
6431.282 0.5079947
6431.695 0.508139
6432.109 0.5079691
6432.523 0.5081583
6432.937 0.5081679
6433.351 0.5082225
6433.764 0.5082321
6434.178 0.5081518
6434.592 0.5077121
6435.006 0.5083058
6435.42 0.5083155
6435.835 0.5082802
6436.249 0.5080652
6436.663 0.5083893
6437.078 0.5083539
6437.492 0.5084535
6437.906 0.5084631
6438.321 0.5084727
6438.735 0.5085272
6439.15 0.5085368
6439.564 0.5085464
6439.979 0.5085561
6440.394 0.5084377
6440.809 0.5085421
6441.224 0.5082421
6441.639 0.5084811
6442.054 0.5083158
6442.469 0.5084651
6442.884 0.5083898
6443.299 0.5083144
6443.714 0.5084186
6444.129 0.5083882
6444.545 0.5083576
6444.96 0.5082374
6445.375 0.5079824
6445.791 0.508311
6446.207 0.5081459
6446.622 0.5081154
6447.038 0.5081298
6447.453 0.508189
6447.869 0.5081584
6448.285 0.5080832
6448.701 0.5080526
6449.117 0.5081119
6449.532 0.5076326
6449.948 0.5080957
6450.364 0.5080834
6450.781 0.5079774
6451.197 0.5077819
6451.613 0.5079451
6452.029 0.5078841
6452.445 0.5076886
6452.862 0.5077171
6453.278 0.5076114
6453.695 0.5076847
6454.111 0.5076237
6454.528 0.5074729
6454.944 0.507412
6455.361 0.5073509
6455.778 0.5066178
6456.195 0.5072734
6456.611 0.5070333
6457.028 0.5071513
6457.445 0.5071798
6457.862 0.5072083
6458.279 0.5071471
6458.697 0.5066831
6459.114 0.5068905
6459.531 0.5069637
6459.948 0.5069472
6460.366 0.5064752
6460.783 0.5056893
6461.201 0.5066475
6461.618 0.5055487
6462.036 0.506149
6462.453 0.5064811
6462.871 0.5063658
6463.289 0.5064294
6463.706 0.5052866
6464.124 0.5062885
6464.542 0.5062627
6464.96 0.5059243
6465.378 0.5050499
6465.796 0.5059173
6466.214 0.5048646
6466.632 0.505955
6467.05 0.5057507
6467.469 0.5056798
6467.887 0.5046722
6468.305 0.5046912
6468.724 0.5056021
6469.142 0.5053533
6469.561 0.5042568
6469.979 0.5050785
6470.398 0.5052894
6470.816 0.5053227
6471.235 0.5033051
6471.654 0.504052
6472.073 0.5051102
6472.492 0.5050988
6472.911 0.5048202
6473.33 0.5051206
6473.749 0.5050646
6474.168 0.5032715
6474.587 0.5042402
6475.006 0.5028481
6475.426 0.5047516
6475.845 0.5043841
6476.265 0.5045062
6476.684 0.5023578
6477.104 0.5021684
6477.523 0.5013556
6477.942 0.5044604
6478.362 0.504004
6478.782 0.5032806
6479.202 0.5032247
6479.622 0.5043696
6480.042 0.5043613
6480.461 0.5043839
6480.881 0.5030279
6481.301 0.5032728
6481.722 0.5007148
6482.142 0.504029
6482.562 0.5038735
6482.982 0.5042961
6483.402 0.5036519
6483.823 0.5042964
6484.243 0.5043188
6484.664 0.5041634
6485.084 0.5002728
6485.505 0.5010962
6485.926 0.5033419
6486.346 0.5031866
6486.767 0.5040088
6487.188 0.5030536
6487.609 0.503787
6488.03 0.5040314
6488.451 0.5020987
6488.872 0.5040317
6489.292 0.5033878
6489.714 0.5030992
6490.135 0.5040658
6490.556 0.5041681
6490.978 0.5028492
6491.399 0.5042398
6491.82 0.5042089
6492.242 0.5041337
6492.663 0.4997017
6493.085 0.5041608
6493.506 0.504352
6493.928 0.5043213
6494.35 0.5042016
6494.771 0.5010147
6495.193 0.5032067
6495.615 0.5044644
6496.038 0.5036783
6496.459 0.5043582
6496.881 0.5045496
6497.304 0.5042522
6497.726 0.4998188
6498.148 0.5045457
6498.57 0.5046483
6498.993 0.5046175
6499.415 0.5026308
6499.837 0.5046891
6500.26 0.5047649
6500.683 0.5047185
6501.105 0.5048943
6501.528 0.5047146
6501.951 0.5049794
6502.374 0.5050219
6502.796 0.5051088
6503.219 0.5047957
6503.642 0.5050161
6504.065 0.5052363
6504.488 0.5048786
6504.911 0.5051436
6505.334 0.5047856
6505.758 0.505273
6506.181 0.5042922
6506.604 0.505536
6507.028 0.5056231
6507.451 0.5056655
6507.875 0.5055746
6508.298 0.5057951
6508.722 0.5058377
6509.146 0.5058357
6509.569 0.5053885
6509.993 0.5059206
6510.417 0.5041505
6510.84 0.5059875
6511.265 0.5061326
6511.688 0.5062329
6512.112 0.5062886
6512.537 0.5063446
6512.961 0.506445
6513.385 0.5064117
6513.809 0.5053087
6514.233 0.5054981
6514.658 0.5066684
6515.083 0.5066351
6515.507 0.5064234
6515.932 0.5059442
6516.356 0.5022504
6516.781 0.5066801
6517.206 0.5070035
6517.63 0.5055424
6518.055 0.5058213
6518.48 0.5006047
6518.905 0.5053077
6519.33 0.5072828
6519.755 0.5061781
6520.18 0.5075243
6520.605 0.5070349
6521.03 0.5067684
6521.456 0.5054747
6521.881 0.5077092
6522.306 0.5077555
6522.732 0.5078911
6523.157 0.507982
6523.583 0.507805
6524.008 0.5074044
6524.434 0.5081207
6524.86 0.5080776
6525.286 0.5070515
6525.711 0.5053089
6526.137 0.5083057
6526.563 0.5084413
6526.989 0.5084875
6527.415 0.5082209
6527.841 0.50858
6528.268 0.5086711
6528.694 0.5087173
6529.12 0.5087188
6529.546 0.5085415
6529.973 0.5089009
6530.399 0.5089197
6530.826 0.5088921
6531.252 0.5089987
6531.679 0.5089263
6532.105 0.5089881
6532.532 0.5082448
6532.959 0.5089775
6533.386 0.5090841
6533.812 0.5090117
6534.239 0.5059852
6534.667 0.5091354
6535.093 0.5091971
6535.521 0.5091248
6535.948 0.5074412
6536.375 0.5088009
6536.802 0.5089522
6537.229 0.5092825
6537.657 0.5092995
6538.084 0.5093614
6538.512 0.5080806
6538.939 0.5093955
6539.367 0.5094126
6539.794 0.5095191
6540.222 0.509517
6540.65 0.5094972
6541.078 0.5095221
6541.506 0.5093233
6541.934 0.5094823
6542.362 0.5092388
6542.79 0.5094873
6543.218 0.5094228
6543.646 0.5094476
6544.074 0.5079513
6544.502 0.509408
6544.931 0.5091643
6545.359 0.509234
6545.788 0.5047376
6546.216 0.5092837
6546.645 0.5092638
6547.073 0.509378
6547.502 0.5085085
6547.931 0.5093383
6548.36 0.5093631
6548.789 0.5092537
6549.217 0.5092339
6549.646 0.5076488
6550.075 0.5091435
6550.504 0.5060043
6550.934 0.5088135
6551.363 0.5091626
6551.792 0.5090647
6552.221 0.5091009
6552.65 0.509003
6553.08 0.509039
6553.509 0.5088519
6553.939 0.5085306
6554.369 0.5048125
6554.798 0.5086921
6555.228 0.5087728
6555.658 0.5074692
6556.087 0.5084877
6556.517 0.5084344
6556.947 0.5083812
6557.377 0.5083725
6557.807 0.5084531
6558.237 0.5084444
6558.667 0.5083466
6559.098 0.5065531
6559.528 0.5081061
6559.958 0.5073392
6560.388 0.5079377
6560.819 0.5081772
6561.249 0.5081492
6561.68 0.5080765
6562.11 0.5069345
6562.541 0.5077978
6562.972 0.5071015
6563.402 0.5077865
6563.833 0.5075802
6564.264 0.5072849
6564.695 0.5076577
6565.126 0.5066501
6565.557 0.5074234
6565.988 0.504635
6566.419 0.5071892
6566.851 0.5073389
6567.282 0.5072219
6567.713 0.5072383
6568.145 0.5071656
6568.576 0.5068262
6569.007 0.5070649
6569.439 0.5068588
6569.871 0.506875
6570.302 0.5066686
6570.734 0.5057063
6571.166 0.5063881
6571.598 0.5066255
6572.029 0.5064633
6572.461 0.5062566
6572.894 0.5063604
6573.326 0.5063312
6573.757 0.5039935
6574.19 0.5061399
6574.622 0.5061994
6575.054 0.5061703
6575.487 0.5057417
6575.919 0.506023
6576.352 0.5058162
6576.784 0.5023265
6577.216 0.5058466
6577.649 0.5057286
6578.082 0.5055218
6578.515 0.5055369
6578.947 0.5055963
6579.38 0.5055669
6579.813 0.5054489
6580.246 0.5054282
6580.679 0.5052814
6581.112 0.5051345
6581.545 0.5052531
6581.979 0.5051947
6582.412 0.5044724
6582.845 0.5049452
6583.278 0.5051081
6583.712 0.5050054
6584.146 0.5048142
6584.579 0.5048885
6585.013 0.5044762
6585.446 0.5043738
6585.88 0.5048018
6586.313 0.5047435
6586.748 0.5046848
6587.181 0.5044054
6587.615 0.504126
6588.049 0.5045097
6588.483 0.5029044
6588.917 0.5042601
6589.352 0.5044225
6589.786 0.5042757
6590.22 0.5040083
6590.654 0.5042382
6591.089 0.5042471
6591.523 0.5042562
6591.958 0.504221
6592.393 0.504186
6592.827 0.5040625
6593.262 0.5041599
6593.696 0.5041248
6594.131 0.5040455
6594.566 0.5040545
6595.001 0.5038427
6595.436 0.5038517
6595.871 0.5039489
6596.306 0.5034727
6596.741 0.5039228
6597.176 0.5038435
6597.612 0.5038965
6598.047 0.503729
6598.482 0.5037379
6598.918 0.5037027
6599.353 0.5037999
6599.789 0.5037646
6600.225 0.503742
6600.66 0.5036872
6601.096 0.5028829
6601.532 0.5035775
6601.967 0.5037431
6602.403 0.5036001
6602.839 0.5037656
6603.275 0.5037549
6603.711 0.5035679
6604.147 0.5033366
6604.583 0.5036344
6605.02 0.5037558
6605.456 0.5036129
6605.893 0.5037342
6606.329 0.5037675
6606.765 0.5036246
6607.202 0.5035256
6607.639 0.5037351
6608.075 0.5037243
6608.512 0.5036694
6608.949 0.5037467
6609.385 0.503736
6609.822 0.5037252
6610.259 0.5037678
6610.696 0.5037729
6611.133 0.5037779
6611.57 0.5036948
6612.007 0.5037881
6612.445 0.5038371
6612.882 0.5038422
6613.319 0.5037591
6613.757 0.5036321
6614.194 0.5035489
6614.631 0.5039065
6615.069 0.5039115
6615.507 0.5039166
6615.944 0.5039657
6616.382 0.5039707
6616.82 0.5039758
6617.258 0.5039368
6617.696 0.5039418
6618.134 0.504035
6618.572 0.5040399
6619.01 0.504001
6619.448 0.50405
6619.886 0.5040991
6620.324 0.5041074
6620.763 0.504073
6621.201 0.5041264
6621.64 0.504136
6622.078 0.5041897
6622.517 0.5041992
6622.955 0.5042087
6623.394 0.5041741
6623.833 0.5041837
6624.271 0.5042814
6624.71 0.5042027
6625.149 0.5043004
6625.588 0.5043539
6626.027 0.5043634
6626.466 0.504373
6626.905 0.5043825
6627.344 0.504392
6627.784 0.5044456
6628.223 0.5043228
6628.662 0.5044647
6629.102 0.504474
6629.541 0.5044836
6629.981 0.5043167
6630.42 0.5044961
6630.86 0.5044988
6631.3 0.5045458
6631.74 0.5045925
6632.179 0.5045953
6632.619 0.504598
6633.059 0.5046008
6633.499 0.5046476
6633.939 0.5045182
6634.379 0.5046089
6634.819 0.5044793
6635.26 0.5046584
6635.7 0.5047054
6636.141 0.5047081
6636.581 0.5046666
6637.021 0.5047135
6637.462 0.5047603
6637.902 0.504763
6638.343 0.5047657
6638.784 0.5047684
6639.225 0.5047712
6639.666 0.5048179
6640.106 0.5047288
6640.547 0.5048041
6640.988 0.5047913
6641.429 0.5047784
6641.87 0.5048098
6642.312 0.5047969
6642.753 0.5047399
6643.194 0.5048152
6643.635 0.5048025
6644.077 0.5046132
6644.518 0.5046445
6644.96 0.5047638
6645.401 0.504795
6645.843 0.5046501
6646.285 0.5047693
6646.727 0.5048006
6647.168 0.5047877
6647.61 0.5047748
6648.052 0.5047619
6648.494 0.5047491
6648.936 0.5047802
6649.378 0.5047674
6649.82 0.5047545
6650.263 0.5047305
6650.705 0.5045668
6651.147 0.5046673
6651.59 0.5046798
6652.032 0.5046482
6652.475 0.5046607
6652.917 0.5046291
6653.36 0.5045975
6653.803 0.5045218
6654.246 0.5045782
6654.688 0.5045027
6655.131 0.5045151
6655.574 0.5044834
6656.017 0.5044957
6656.46 0.5044641
6656.903 0.5043885
6657.346 0.5044008
6657.79 0.5043693
6658.233 0.5043817
6658.676 0.50435
6659.12 0.5043182
6659.563 0.5042866
6660.007 0.5042987
6660.45 0.5042498
6660.894 0.504201
6661.337 0.5041522
6661.781 0.5041032
6662.225 0.5040104
6662.669 0.5040494
6663.113 0.5040005
6663.557 0.5038637
6664.001 0.5039467
6664.445 0.5038977
6664.889 0.5038489
6665.333 0.5038439
6665.778 0.5037949
6666.222 0.503746
6666.667 0.503697
6667.111 0.5036042
6667.556 0.5035552
6668.0 0.5035941
6668.445 0.5035452
6668.89 0.50354
6669.334 0.5034912
6669.779 0.5034422
6670.224 0.5033877
6670.669 0.5033279
6671.114 0.5033119
6671.559 0.503252
6672.004 0.5031922
6672.449 0.5031323
6672.895 0.5030285
6673.34 0.5030563
6673.785 0.5029965
6674.231 0.5029365
6674.676 0.5029206
6675.122 0.5028605
6675.567 0.5028008
6676.013 0.5027408
6676.459 0.5027246
6676.905 0.5026647
6677.351 0.5026047
6677.796 0.5025887
6678.242 0.5025287
6678.688 0.5024688
6679.134 0.5024089
6679.581 0.5023487
6680.027 0.5023325
6680.473 0.5022708
6680.919 0.502209
6681.366 0.5021471
6681.812 0.5021291
6682.259 0.5020673
6682.705 0.5020055
6683.152 0.5019437
6683.599 0.5019255
6684.045 0.5018638
6684.492 0.501802
6684.939 0.50174
6685.386 0.5016345
6685.833 0.50166
6686.28 0.5015983
6686.727 0.5015364
6687.174 0.5015182
6687.621 0.5014564
6688.068 0.5013946
6688.516 0.5013326
6688.963 0.5012709
6689.411 0.5012525
6689.858 0.5011907
6690.306 0.5011334
6690.753 0.5010785
6691.201 0.5010669
6691.649 0.5010118
6692.097 0.5009567
6692.544 0.5009018
6692.993 0.5008902
6693.44 0.5008352
6693.889 0.50078
6694.336 0.500725
6694.785 0.5007133
6695.233 0.5006583
6695.681 0.5006031
6696.129 0.5005481
6696.578 0.5004929
6697.026 0.5004815
6697.475 0.5004263
6697.924 0.5003712
6698.372 0.500316
6698.821 0.5003044
6699.27 0.5002493
6699.719 0.500194
6700.167 0.5001436
6700.617 0.5001441
6701.065 0.5001013
6701.515 0.5000584
6701.964 0.5000156
6702.413 0.5000162
6702.862 0.4999733
6703.312 0.4999303
6703.761 0.4998875
6704.21 0.4998446
6704.66 0.4998451
6705.109 0.4998022
6705.559 0.4997593
6706.009 0.4997598
6706.458 0.4997169
6706.908 0.499674
6707.358 0.499631
6707.808 0.499588
6708.258 0.4995886
6708.708 0.4995457
6709.158 0.4995026
6709.608 0.4994598
6710.059 0.499461
6710.509 0.4994245
6710.959 0.4993879
6711.409 0.4993513
6711.86 0.4993148
6712.311 0.4993216
6712.761 0.499285
6713.211 0.4992484
6713.662 0.4992118
6714.113 0.4992186
6714.564 0.499182
6715.015 0.4991453
6715.466 0.4991087
6715.917 0.4991156
6716.368 0.4990789
6716.819 0.4990423
6717.27 0.4990056
6717.721 0.4990124
6718.173 0.4989758
6718.624 0.4989391
6719.076 0.4989024
6719.527 0.4989092
6719.979 0.4988725
6720.43 0.498821
6720.882 0.4987688
6721.333 0.4987165
6721.785 0.4987076
6722.237 0.4986554
6722.689 0.4986031
6723.141 0.4985508
6723.593 0.4985418
6724.045 0.4984896
6724.498 0.4984371
6724.95 0.4983848
6725.402 0.4983326
6725.854 0.4983237
6726.307 0.4982713
6726.759 0.498219
6727.211 0.4982101
6727.664 0.4981577
6728.117 0.4981053
6728.569 0.4980531
6729.022 0.4980007
6729.475 0.4979916
6729.928 0.4979392
6730.381 0.4978394
6730.834 0.4977305
6731.287 0.4976215
6731.74 0.4975558
6732.193 0.4974471
6732.646 0.4973381
6733.1 0.497229
6733.553 0.4971201
6734.007 0.4970543
6734.46 0.4969455
6734.914 0.4968364
6735.367 0.4967275
6735.821 0.4966617
6736.275 0.4965527
6736.729 0.4964436
6737.183 0.4963345
6737.636 0.4962688
6738.09 0.4961599
6738.544 0.4960509
6738.999 0.4959416
6739.453 0.4958326
6739.907 0.4957667
6740.361 0.4955701
6740.815 0.4953507
6741.27 0.4951309
6741.725 0.4949111
6742.179 0.4947347
6742.634 0.4945152
6743.088 0.494296
6743.543 0.4940763
6743.998 0.4938565
6744.453 0.4936798
6744.908 0.4934601
6745.363 0.4932407
6745.817 0.4930216
6746.272 0.492802
6746.728 0.4926247
6747.183 0.4924051
6747.638 0.4921855
6748.094 0.4919656
6748.549 0.4917889
6749.004 0.4915693
6749.46 0.4913493
6749.916 0.4911293
6750.371 0.4907874
6750.827 0.4904593
6751.283 0.4900887
6751.739 0.4897185
6752.194 0.4893487
6752.65 0.4889782
6753.106 0.4886502
6753.562 0.4882798
6754.019 0.4879085
6754.475 0.4875382
6754.931 0.4872101
6755.387 0.4868398
6755.844 0.4864686
6756.3 0.4860987
6756.757 0.4857277
6757.213 0.4853575
6757.67 0.4850286
6758.126 0.4846584
6758.583 0.4842875
6759.04 0.4839166
6759.497 0.4835877
6759.954 0.4832167
6760.411 0.4827115
6760.868 0.4821911
6761.325 0.4816709
6761.782 0.4811925
6762.24 0.4806711
6762.697 0.4801515
6763.154 0.4796315
6763.612 0.4791517
6764.069 0.4786317
6764.527 0.4781106
6764.984 0.4775907
6765.442 0.4770697
6765.9 0.4765487
6766.358 0.4760692
6766.815 0.4755494
6767.273 0.4750285
6767.731 0.4745077
6768.189 0.4740281
6768.647 0.4735073
6769.106 0.4729855
6769.564 0.4724649
6770.022 0.4719394
6770.48 0.4713558
6770.939 0.4707301
6771.397 0.4701058
6771.856 0.4694803
6772.315 0.4688547
6772.773 0.4682712
6773.232 0.4676459
6773.691 0.4670205
6774.15 0.4663952
6774.609 0.46577
6775.068 0.4651851
6775.527 0.4645599
6775.986 0.4639347
6776.445 0.4633097
6776.904 0.4627248
6777.364 0.4620985
6777.823 0.4614729
6778.282 0.460848
6778.742 0.4602219
6779.201 0.459637
6779.661 0.459011
6780.121 0.4583728
6780.581 0.4577008
6781.04 0.4570302
6781.5 0.4563979
6781.96 0.455726
6782.42 0.4550542
6782.88 0.4543824
6783.34 0.4537108
6783.8 0.4530784
6784.261 0.4524047
6784.721 0.4517331
6785.181 0.4510616
6785.642 0.4503888
6786.102 0.4497174
6786.562 0.4490851
6787.023 0.4484123
6787.484 0.4477397
6787.945 0.4470672
6788.405 0.4463961
6788.866 0.4457229
6789.327 0.4450892
6789.788 0.4444168
6790.249 0.4437408
6790.71 0.4430619
6791.171 0.442383
6791.633 0.441741
6792.094 0.4410614
6792.555 0.4403826
6793.017 0.4397024
6793.478 0.4390238
6793.94 0.4383438
6794.401 0.4377033
6794.863 0.4370234
6795.325 0.4363428
6795.787 0.435663
6796.249 0.4349834
6796.71 0.4343051
6797.172 0.433663
6797.634 0.4329834
6798.097 0.4323018
6798.559 0.4316224
6799.021 0.4309431
6799.483 0.430301
6799.946 0.4296203
6800.408 0.4289464
6800.871 0.4282728
6801.333 0.4276007
6801.796 0.4268902
6802.258 0.4262921
6802.721 0.4256181
6803.184 0.4249447
6803.647 0.4242714
6804.11 0.4235981
6804.573 0.4229243
6805.036 0.4222878
6805.499 0.4215782
6805.962 0.4209417
6806.425 0.4202688
6806.889 0.4195938
6807.352 0.418921
6807.815 0.4182845
6808.279 0.4176103
6808.742 0.4168648
6809.206 0.416263
6809.67 0.415589
6810.133 0.4149206
6810.597 0.414296
6811.061 0.4136362
6811.525 0.4129767
6811.989 0.412317
6812.453 0.4116568
6812.917 0.4109973
6813.381 0.4103734
6813.846 0.4097119
6814.31 0.4090172
6814.774 0.4083934
6815.239 0.4077327
6815.704 0.407001
6816.168 0.4064477
6816.633 0.4057873
6817.097 0.4051276
6817.562 0.4044673
6818.027 0.403807
6818.492 0.4031461
6818.957 0.4024163
6819.422 0.4018607
6819.887 0.4012
6820.352 0.4005567
6820.817 0.3999189
6821.282 0.3992806
6821.748 0.3986416
6822.213 0.3980385
6822.679 0.3973646
6823.144 0.3967614
6823.61 0.3961227
6824.075 0.3954846
6824.541 0.3948461
6825.007 0.3941733
6825.473 0.3935342
6825.938 0.3929653
6826.404 0.3922589
6826.871 0.3916866
6827.336 0.3910496
6827.803 0.3904094
6828.269 0.389805
6828.735 0.3891669
6829.202 0.3884933
6829.668 0.3878889
6830.135 0.3872511
6830.601 0.3866177
6831.068 0.3859169
6831.534 0.3853837
6832.001 0.3847498
6832.468 0.384116
6832.935 0.3834817
6833.402 0.3828481
6833.869 0.3822139
6834.336 0.3816136
6834.803 0.3809136
6835.27 0.3803134
6835.737 0.3797131
6836.205 0.3790781
6836.672 0.3784451
6837.139 0.3778443
6837.607 0.3772101
6838.074 0.3765768
6838.542 0.3759428
6839.01 0.375309
6839.478 0.3746421
6839.945 0.3740421
6840.413 0.3733326
6840.881 0.3726183
6841.349 0.3720322
6841.817 0.371318
6842.285 0.3706676
6842.753 0.3699537
6843.222 0.3693019
6843.69 0.3685566
6844.159 0.3678731
6844.627 0.3672552
6845.096 0.3666036
6845.564 0.3659223
6846.033 0.3652391
6846.501 0.3645265
6846.97 0.363875
6847.439 0.3631614
6847.908 0.36251
6848.377 0.3618592
6848.846 0.3611765
6849.315 0.3605258
6849.784 0.35975
6850.253 0.3590839
6850.723 0.3582556
6851.192 0.3574299
6851.662 0.3566328
6852.131 0.3558074
6852.601 0.3549795
6853.07 0.3541544
6853.54 0.3533269
6854.01 0.3525003
6854.479 0.3516747
6854.949 0.3508171
6855.419 0.3499305
6855.889 0.3491339
6856.359 0.3483985
6856.83 0.3475701
6857.3 0.3467743
6857.77 0.3459178
6858.24 0.3451213
6858.71 0.3442661
6859.181 0.3434679
6859.651 0.3426428
6860.122 0.3417408
6860.593 0.3407708
6861.063 0.3397432
6861.534 0.3387724
6862.005 0.3377735
6862.476 0.3367154
6862.947 0.335775
6863.418 0.3347465
6863.889 0.3337761
6864.36 0.3327491
6864.832 0.3316908
6865.303 0.3307493
6865.774 0.3297232
6866.246 0.3286375
6866.717 0.3276687
6867.188 0.3265861
6867.66 0.3253613
6868.132 0.3242792
6868.604 0.322581
6869.075 0.2570354
6869.547 0.267745
6870.019 0.2228307
6870.491 0.252585
6870.963 0.2062389
6871.436 0.3027934
6871.908 0.1957887
6872.38 0.3070797
6872.852 0.2337112
6873.325 0.2336252
6873.797 0.3011311
6874.27 0.2330697
6874.742 0.2238863
6875.215 0.3013378
6875.688 0.2291207
6876.16 0.2969128
6876.633 0.22381
6877.106 0.2968096
6877.579 0.2306848
6878.052 0.2984071
6878.525 0.2277786
6878.999 0.2930712
6879.472 0.2365456
6879.945 0.294406
6880.418 0.2946579
6880.892 0.2382415
6881.365 0.2915133
6881.839 0.2548105
6882.312 0.2919102
6882.786 0.2912222
6883.26 0.2904575
6883.734 0.2895645
6884.208 0.2881215
6884.682 0.2872536
6885.156 0.2855678
6885.63 0.2342663
6886.104 0.2810002
6886.578 0.2829388
6887.052 0.2805059
6887.527 0.2217208
6888.001 0.273205
6888.476 0.2078018
6888.95 0.2688479
6889.425 0.2754184
6889.899 0.274359
6890.374 0.2712812
6890.849 0.2065293
6891.324 0.2669012
6891.799 0.1981698
6892.274 0.2675716
6892.749 0.2681602
6893.224 0.2687593
6893.699 0.2651893
6894.174 0.1993575
6894.65 0.259179
6895.125 0.1881268
6895.601 0.2592894
6896.076 0.2622899
6896.552 0.2607563
6897.027 0.2610387
6897.503 0.2564362
6897.979 0.1965174
6898.455 0.2517415
6898.931 0.1920289
6899.407 0.254419
6899.883 0.254964
6900.359 0.2547195
6900.835 0.2533852
6901.311 0.2515506
6901.788 0.1963055
6902.264 0.2463075
6902.74 0.1923497
6903.217 0.2467349
6903.693 0.2479133
6904.17 0.2473606
6904.647 0.2462509
6905.124 0.2451216
6905.601 0.242935
6906.077 0.1933921
6906.554 0.2386942
6907.031 0.1943006
6907.508 0.2396284
6907.986 0.2394004
6908.463 0.239231
6908.94 0.237902
6909.417 0.2369868
6909.895 0.2361517
6910.373 0.1955411
6910.85 0.2328802
6911.328 0.1928412
6911.805 0.2322771
6912.283 0.2315666
6912.761 0.2307748
6913.239 0.2302022
6913.717 0.2290514
6914.195 0.2287322
6914.673 0.2265789
6915.151 0.1979224
6915.629 0.2239024
6916.107 0.1961439
6916.586 0.2234485
6917.064 0.2234263
6917.543 0.2218204
6918.021 0.2217335
6918.5 0.2202286
6918.979 0.2198482
6919.458 0.2181787
6919.937 0.1975023
6920.415 0.2161375
6920.894 0.1953168
6921.373 0.2146228
6921.852 0.214512
6922.332 0.2133423
6922.811 0.2127274
6923.29 0.2115438
6923.77 0.210907
6924.249 0.2094724
6924.728 0.2089451
6925.208 0.1924603
6925.688 0.2068043
6926.167 0.1914461
6926.647 0.2052398
6927.126 0.204687
6927.606 0.2037425
6928.086 0.2030964
6928.566 0.2010359
6929.046 0.2010865
6929.527 0.2002284
6930.007 0.1994746
6930.487 0.1905401
6930.968 0.1965147
6931.448 0.1870682
6931.928 0.1945228
6932.409 0.1946111
6932.89 0.1938867
6933.37 0.1922969
6933.851 0.1908938
6934.332 0.191095
6934.813 0.1902681
6935.294 0.1880524
6935.775 0.1869218
6936.256 0.1832645
6936.737 0.1865503
6937.218 0.1812149
6937.699 0.1843493
6938.181 0.1837889
6938.662 0.1828801
6939.144 0.181985
6939.625 0.17878
6940.107 0.1792443
6940.588 0.1790669
6941.07 0.1780337
6941.552 0.1748164
6942.034 0.1728369
6942.516 0.1732595
6942.998 0.1710197
6943.48 0.1728569
6943.962 0.1698229
6944.444 0.1698076
6944.927 0.1699678
6945.409 0.1687463
6945.892 0.165251
6946.374 0.1668864
6946.856 0.1659275
6947.339 0.1649234
6947.822 0.1638911
6948.305 0.1622407
6948.788 0.1618265
6949.271 0.1563639
6949.753 0.1588573
6950.236 0.158679
6950.719 0.1564032
6951.203 0.1551134
6951.686 0.1551664
6952.169 0.1541124
6952.652 0.1520028
6953.136 0.1514868
6953.619 0.1505103
6954.103 0.1493872
6954.586 0.1483044
6955.07 0.1468761
6955.554 0.1441163
6956.038 0.1445927
6956.522 0.1436803
6957.006 0.1424695
6957.49 0.1411612
6957.974 0.1399292
6958.458 0.1341569
6958.942 0.1378134
6959.427 0.1365332
6959.911 0.1355247
6960.396 0.1342053
6960.88 0.132922
6961.364 0.1295494
6961.849 0.1302954
6962.334 0.1290212
6962.818 0.1276502
6963.303 0.1234713
6963.788 0.1251983
6964.273 0.1239445
6964.758 0.1226477
6965.244 0.1213473
6965.729 0.1199373
6966.214 0.1187139
6966.699 0.11678
6967.185 0.1159393
6967.67 0.1148836
6968.156 0.1135855
6968.641 0.1122793
6969.127 0.1110008
6969.612 0.1096681
6970.098 0.1083826
6970.584 0.1070745
6971.07 0.105739
6971.556 0.1044295
6972.042 0.1030856
6972.528 0.1015673
6973.015 0.0999723
6973.5 0.09898
6973.987 0.0977886
6974.474 0.0964597
6974.96 0.0951268
6975.446 0.093754
6975.933 0.0924822
6976.42 0.0911163
6976.906 0.0898007
6977.393 0.0885116
6977.88 0.087178
6978.367 0.0858434
6978.854 0.0845397
6979.341 0.0826698
6979.828 0.0818803
6980.315 0.0806441
6980.803 0.079412
6981.29 0.0781513
6981.777 0.0770986
6982.265 0.0758686
6982.752 0.0747208
6983.24 0.0730939
6983.728 0.0722979
6984.216 0.0710914
6984.704 0.0699688
6985.191 0.0687827
6985.679 0.0675932
6986.167 0.0663537
6986.655 0.0650433
6987.144 0.0640204
6987.632 0.0627357
6988.12 0.0616075
6988.608 0.059463
6989.097 0.0592621
6989.585 0.0578757
6990.074 0.0569254
6990.562 0.0559473
6991.051 0.0539819
6991.54 0.0541504
6992.029 0.0531689
6992.518 0.0519544
6993.007 0.051242
6993.496 0.0503693
6993.985 0.0495213
6994.475 0.0485967
6994.964 0.0475643
6995.453 0.0461689
6995.942 0.0454481
6996.432 0.0447631
6996.921 0.0439691
6997.411 0.0430485
6997.9 0.0421125
6998.39 0.041192
6998.88 0.0402515
6999.37 0.0393414
6999.86 0.038263
7000.35 0.0376399
7000.84 0.0363649
7001.33 0.0363249
7001.82 0.0357687
7002.311 0.0351202
7002.801 0.0344503
7003.292 0.0338349
7003.782 0.0332027
7004.272 0.0324758
7004.763 0.031896
7005.254 0.0312849
7005.745 0.0306405
7006.235 0.0298305
7006.727 0.0289664
7007.217 0.0284912
7007.708 0.028012
7008.2 0.0273356
7008.691 0.0267481
7009.182 0.026124
7009.673 0.0254867
7010.165 0.0249015
7010.656 0.0245267
7011.148 0.0240539
7011.639 0.0235857
7012.131 0.0232549
7012.623 0.0228026
7013.115 0.0221703
7013.606 0.021986
7014.098 0.0215542
7014.59 0.021145
7015.083 0.0207021
7015.575 0.0202871
7016.067 0.0198756
7016.559 0.0194567
7017.051 0.0189744
7017.544 0.0185799
7018.036 0.0180663
7018.529 0.01746
7019.021 0.0173425
7019.514 0.0168718
7020.007 0.0165055
7020.5 0.0162201
7020.993 0.0159613
7021.486 0.0156417
7021.979 0.0154044
7022.472 0.0151191
7022.965 0.01485
7023.458 0.0145919
7023.952 0.0143354
7024.445 0.0140211
7024.938 0.01379
7025.432 0.013322
7025.926 0.0132509
7026.419 0.01298
7026.913 0.0126792
7027.407 0.0124406
7027.901 0.0121664
7028.395 0.0118655
7028.889 0.0115321
7029.383 0.0111773
7029.877 0.0110202
7030.371 0.0108867
7030.866 0.0106958
7031.36 0.010535
7031.854 0.0103584
7032.349 0.0101843
7032.843 0.0100184
7033.338 0.009845
7033.833 0.0096683
7034.328 0.0094934
7034.822 0.009323
7035.317 0.0091489
7035.812 0.0089748
7036.307 0.0088
7036.802 0.0086269
7037.298 0.0084511
7037.793 0.0082772
7038.288 0.0081054
7038.784 0.0079291
7039.279 0.007672
7039.775 0.007578
7040.271 0.0074416
7040.766 0.0073242
7041.262 0.0071919
7041.758 0.0070108
7042.253 0.0069876
7042.75 0.0068742
7043.246 0.0067623
7043.742 0.0066338
7044.238 0.0065351
7044.734 0.0064243
7045.23 0.0063069
7045.727 0.0061942
7046.223 0.0060781
7046.72 0.0059691
7047.216 0.0058583
7047.713 0.0057466
7048.21 0.0056334
7048.707 0.0055032
7049.204 0.0053992
7049.7 0.0052938
7050.197 0.0051887
7050.694 0.0051205
7051.192 0.005041
7051.689 0.0049708
7052.186 0.0048884
7052.684 0.0047877
7053.181 0.0047411
7053.679 0.0046661
7054.176 0.0045866
7054.674 0.0044854
7055.171 0.0044466
7055.669 0.0043682
7056.167 0.0042974
7056.665 0.0042137
7057.163 0.0041474
7057.661 0.0040704
7058.159 0.0039944
7058.657 0.0039189
7059.156 0.0038275
7059.654 0.0037724
7060.152 0.0036959
7060.651 0.0036486
7061.149 0.0036028
7061.648 0.00355
7062.147 0.0034968
7062.646 0.0034459
7063.145 0.0033998
7063.644 0.003342
7064.143 0.0032975
7064.642 0.0032447
7065.141 0.0031886
7065.64 0.0031449
7066.139 0.0030941
7066.638 0.0030378
7067.138 0.0029931
7067.637 0.0029299
7068.137 0.0028892
7068.636 0.0028372
7069.136 0.002789
7069.636 0.0027353
7070.136 0.0026925
7070.636 0.0026538
7071.136 0.0026212
7071.636 0.0025862
7072.136 0.0025511
7072.636 0.0025148
7073.136 0.0024808
7073.637 0.0024438
7074.137 0.0024065
7074.637 0.0023728
7075.138 0.0023395
7075.639 0.0023017
7076.139 0.0022696
7076.64 0.0022312
7077.141 0.0021956
7077.642 0.0021625
7078.143 0.002127
7078.644 0.0020932
7079.145 0.0020578
7079.646 0.0020168
7080.147 0.0019835
7080.648 0.0019627
7081.15 0.00194
7081.651 0.0019114
7082.153 0.0018916
7082.655 0.0018668
7083.156 0.0018395
7083.658 0.0018174
7084.16 0.0017916
7084.662 0.0017666
7085.164 0.0017431
7085.666 0.0017184
7086.168 0.0016933
7086.67 0.0016671
7087.172 0.0016441
7087.674 0.001619
7088.177 0.0015922
7088.679 0.0015697
7089.182 0.001545
7089.685 0.0015196
7090.187 0.0014918
7090.69 0.0014788
7091.193 0.0014611
7091.696 0.0014428
7092.199 0.0014261
7092.702 0.0014073
7093.205 0.0013885
7093.708 0.0013724
7094.211 0.0013543
7094.714 0.0013366
7095.218 0.0013175
7095.721 0.0013002
7096.225 0.0012816
7096.729 0.0012639
7097.232 0.0012469
7097.736 0.001227
7098.24 0.0012107
7098.744 0.0011923
7099.248 0.0011748
7099.751 0.0011559
7100.255 0.0011416
7100.76 0.0011271
7101.264 0.0011143
7101.769 0.0011021
7102.273 0.0010887
7102.777 0.0010753
7103.282 0.0010634
7103.786 0.0010501
7104.291 0.0010359
7104.796 0.0010245
7105.301 0.0010106
7105.806 0.0009976
7106.311 0.000985
7106.815 0.0009723
7107.32 0.000959
7107.826 0.0009456
7108.331 0.0009297
7108.836 0.00092
7109.342 0.0009072
7109.847 0.0008935