7859.164 0.0020017
7859.782 0.0020222
7860.399 0.0020466
7861.017 0.0020731
7861.635 0.0020999
7862.253 0.0021265
7862.872 0.0021526
7863.49 0.0021797
7864.108 0.0022062
7864.727 0.0022328
7865.345 0.0022582
7865.964 0.0022858
7866.583 0.0023106
7867.202 0.0023389
7867.821 0.002364
7868.439 0.0023867
7869.059 0.0024173
7869.678 0.002445
7870.297 0.0024745
7870.917 0.0025076
7871.537 0.0025406
7872.156 0.0025687
7872.776 0.0026049
7873.396 0.0026396
7874.016 0.0026726
7874.636 0.0027052
7875.256 0.0027342
7875.876 0.0027712
7876.497 0.0028041
7877.117 0.0028369
7877.737 0.0028668
7878.358 0.0028999
7878.979 0.0029239
7879.6 0.0029682
7880.221 0.0030031
7880.842 0.0030409
7881.463 0.0030786
7882.084 0.0031125
7882.706 0.0031474
7883.327 0.0031924
7883.948 0.0032274
7884.57 0.003268
7885.191 0.003306
7885.813 0.0033438
7886.436 0.0033816
7887.057 0.0034132
7887.68 0.0034568
7888.302 0.0034921
7888.924 0.0035279
7889.546 0.0035586
7890.169 0.0036066
7890.792 0.0036477
7891.414 0.0036804
7892.037 0.003729
7892.66 0.0037669
7893.283 0.0038034
7893.906 0.003832
7894.529 0.0038887
7895.152 0.0039291
7895.776 0.0039473
7896.399 0.0040095
7897.023 0.0040441
7897.646 0.0040667
7898.271 0.0040974
7898.894 0.0041695
7899.518 0.0042094
7900.142 0.0042502
7900.767 0.0042906
7901.391 0.0043277
7902.015 0.0043706
7902.64 0.0044109
7903.264 0.0044391
7903.889 0.0044435
7904.514 0.0045314
7905.138 0.0045611
7905.763 0.0046095
7906.388 0.0046532
7907.014 0.0046939
7907.639 0.004734
7908.264 0.004773
7908.89 0.0048143
7909.515 0.0048507
7910.141 0.0048944
7910.767 0.0048848
7911.393 0.0049587
7912.019 0.0050165
7912.645 0.0050408
7913.271 0.0050988
7913.897 0.0051328
7914.523 0.0051815
7915.149 0.0052219
7915.776 0.0052637
7916.403 0.0053046
7917.029 0.0053454
7917.656 0.0053606
7918.283 0.0054256
7918.91 0.0054613
7919.538 0.0054848
7920.165 0.0055489
7920.792 0.0055945
7921.419 0.00564
7922.047 0.0056842
7922.675 0.0056681
7923.302 0.0057704
7923.93 0.0058184
7924.558 0.005862
7925.186 0.0059075
7925.814 0.0059515
7926.442 0.0059517
7927.071 0.0060399
7927.699 0.0060853
7928.328 0.0061303
7928.957 0.0061747
7929.585 0.006219
7930.214 0.0062598
7930.843 0.0062503
7931.472 0.0063553
7932.101 0.0064192
7932.73 0.0064767
7933.36 0.0065293
7933.989 0.0065656
7934.619 0.0066326
7935.249 0.0066874
7935.878 0.0067398
7936.508 0.0067922
7937.138 0.0068447
7937.768 0.006897
7938.398 0.0069494
7939.028 0.0069993
7939.659 0.0070547
7940.289 0.0071133
7940.919 0.007175
7941.55 0.0072448
7942.181 0.0073115
7942.812 0.0073775
7943.443 0.0074428
7944.074 0.0074929
7944.705 0.0075715
7945.336 0.0076412
7945.967 0.007707
7946.599 0.0077736
7947.23 0.0078386
7947.862 0.0079044
7948.494 0.0079702
7949.125 0.008031
7949.757 0.0080781
7950.39 0.0081802
7951.021 0.0082691
7951.654 0.0083568
7952.286 0.008443
7952.919 0.0085191
7953.551 0.0086034
7954.184 0.0087063
7954.816 0.0087944
7955.45 0.0088813
7956.083 0.0089473
7956.715 0.0090565
7957.349 0.009144
7957.982 0.0092311
7958.615 0.0093073
7959.249 0.0094055
7959.882 0.0094885
7960.516 0.0095226
7961.149 0.0097273
7961.783 0.0098533
7962.417 0.009943
7963.051 0.0100223
7963.686 0.0101873
7964.32 0.0103425
7964.954 0.010409
7965.589 0.0105271
7966.223 0.0106712
7966.858 0.0108223
7967.493 0.0109564
7968.127 0.0110782
7968.763 0.0111995
7969.397 0.011322
7970.033 0.0113977
7970.668 0.0115964
7971.303 0.0118038
7971.939 0.0119826
7972.574 0.0121633
7973.21 0.0123388
7973.846 0.0124485
7974.481 0.01269
7975.118 0.0128773
7975.754 0.0130543
7976.39 0.0132134
7977.026 0.0133933
7977.663 0.0135884
7978.299 0.0137649
7978.936 0.0139368
7979.572 0.0141236
7980.209 0.0143298
7980.846 0.0145932
7981.483 0.0148573
7982.12 0.0150946
7982.757 0.0153527
7983.395 0.0156481
7984.032 0.0159103
7984.669 0.0161776
7985.307 0.0164399
7985.945 0.016689
7986.583 0.0168629
7987.22 0.017229
7987.858 0.0174917
7988.497 0.0177007
7989.135 0.0180171
7989.773 0.0182763
7990.412 0.0186038
7991.05 0.0190085
7991.688 0.0193929
7992.327 0.0197758
7992.966 0.020107
7993.605 0.0205421
7994.244 0.0209276
7994.883 0.0213108
7995.522 0.0216867
7996.162 0.0220421
7996.801 0.0224619
7997.441 0.0228352
7998.081 0.0232178
7998.72 0.0235935
7999.36 0.0239914
8000.0 0.0243671
8000.64 0.0247566
8001.28 0.0254063
8001.92 0.0259492
8002.561 0.0262645
8003.201 0.0269885
8003.842 0.0275247
8004.482 0.0280675
8005.123 0.0285944
8005.764 0.029084
8006.405 0.0296443
8007.046 0.0301267
8007.688 0.0306963
8008.329 0.031224
8008.97 0.0317272
8009.611 0.0319092
8010.253 0.0327329
8010.895 0.0334869
8011.537 0.0341322
8012.179 0.0347741
8012.82 0.0353543
8013.462 0.0360522
8014.105 0.0366937
8014.747 0.037258
8015.39 0.0376723
8016.032 0.0385222
8016.675 0.039213
8017.317 0.0398945
8017.96 0.0405368
8018.603 0.0411509
8019.246 0.0418097
8019.889 0.0423718
8020.533 0.0430543
8021.176 0.0437291
8021.819 0.0443676
8022.463 0.0449989
8023.106 0.0454896
8023.75 0.0462781
8024.394 0.0468164
8025.038 0.0474723
8025.682 0.0480303
8026.326 0.0486478
8026.971 0.0494495
8027.615 0.0500422
8028.259 0.0506587
8028.904 0.0513321
8029.549 0.0519885
8030.193 0.0523886
8030.838 0.0528629
8031.483 0.0535495
8032.128 0.0540793
8032.774 0.0545777
8033.419 0.0550147
8034.064 0.0555583
8034.71 0.0560558
8035.355 0.056538
8036.001 0.0568611
8036.647 0.0572978
8037.293 0.0579541
8037.939 0.0585039
8038.585 0.058715
8039.231 0.0594847
8039.878 0.0599449
8040.524 0.0603343
8041.171 0.0606454
8041.817 0.0607804
8042.464 0.0612818
8043.111 0.0615973
8043.758 0.0619021
8044.405 0.0621066
8045.052 0.0623467
8045.7 0.0627833
8046.347 0.0629744
8046.995 0.0634759
8047.642 0.0634659
8048.29 0.0640929
8048.938 0.0644067
8049.585 0.0647471
8050.233 0.0650306
8050.881 0.065244
8051.53 0.0654298
8052.178 0.0657204
8052.827 0.0659447
8053.475 0.0661795
8054.124 0.0664033
8054.772 0.066542
8055.421 0.0668216
8056.07 0.0670901
8056.719 0.0672507
8057.369 0.0675135
8058.018 0.0677761
8058.667 0.06801
8059.316 0.068238
8059.966 0.0684604
8060.616 0.0687271
8061.266 0.0689428
8061.916 0.0691638
8062.565 0.0694779
8063.216 0.0697753
8063.866 0.0700371
8064.516 0.0702508
8065.167 0.070536
8065.817 0.0706771
8066.468 0.0710819
8067.119 0.0712767
8067.769 0.0715852
8068.42 0.0718638
8069.071 0.0721241
8069.722 0.072366
8070.374 0.0727059
8071.025 0.0730534
8071.676 0.0734253
8072.328 0.0735044
8072.98 0.074151
8073.631 0.0744781
8074.283 0.0749003
8074.936 0.0752658
8075.587 0.0756299
8076.24 0.0759951
8076.892 0.076314
8077.544 0.0766387
8078.197 0.0770153
8078.85 0.0774511
8079.502 0.0778141
8080.155 0.0782022
8080.808 0.0785976
8081.461 0.0790717
8082.114 0.0795523
8082.768 0.0800201
8083.421 0.080473
8084.074 0.0809804
8084.728 0.0814746
8085.382 0.0818855
8086.036 0.0824073
8086.689 0.0827532
8087.343 0.0830416
8087.998 0.0836193
8088.652 0.084261
8089.306 0.0847327
8089.96 0.0851822
8090.615 0.0856488
8091.27 0.0861892
8091.924 0.0866851
8092.579 0.0869089
8093.234 0.0875959
8093.889 0.0881658
8094.544 0.0886533
8095.2 0.0891641
8095.855 0.0896053
8096.51 0.0896489
8097.166 0.0905855
8097.822 0.0910636
8098.478 0.0911772
8099.133 0.0920957
8099.79 0.092558
8100.445 0.0929012
8101.102 0.0934282
8101.758 0.0939467
8102.415 0.0944266
8103.071 0.0948734
8103.728 0.0952242
8104.384 0.0956941
8105.042 0.0961981
8105.698 0.0965458
8106.355 0.0970977
8107.013 0.0974121
8107.67 0.0979891
8108.327 0.098276
8108.985 0.0988374
8109.643 0.0992654
8110.3 0.0993584
8110.958 0.0999814
8111.616 0.100487
8112.274 0.1007711
8112.932 0.1010459
8113.59 0.1016116
8114.249 0.101955
8114.907 0.1018642
8115.565 0.1023084
8116.224 0.1025791
8116.883 0.1033651
8117.542 0.1038904
8118.201 0.1042313
8118.86 0.1046068
8119.52 0.1050006
8120.179 0.1051417
8120.838 0.1051071
8121.498 0.1060038
8122.157 0.1063813
8122.817 0.106362
8123.477 0.1066845
8124.137 0.1073245
8124.797 0.1069909
8125.457 0.1076954
8126.117 0.1082001
8126.778 0.1086507
8127.438 0.1084281
8128.099 0.1093404
8128.76 0.1092442
8129.42 0.1098802
8130.082 0.1103505
8130.742 0.1106873
8131.403 0.1109961
8132.065 0.1112487
8132.726 0.1090011
8133.388 0.1113058
8134.049 0.1122575
8134.711 0.1124699
8135.373 0.1124997
8136.035 0.1092562
8136.696 0.1132641
8137.358 0.1112993
8138.021 0.1142136
8138.683 0.1134912
8139.346 0.1146405
8140.008 0.1152379
8140.671 0.1156262
8141.333 0.1159941
8141.997 0.1157227
8142.659 0.1144842
8143.322 0.1162643
8143.986 0.1138258
8144.649 0.1176416
8145.312 0.1182273
8145.976 0.1172177
8146.64 0.1186177
8147.303 0.1193757
8147.967 0.11966
8148.631 0.1182746
8149.295 0.1182758
8149.959 0.1207231
8150.624 0.1182833
8151.288 0.1208607
8151.953 0.1184585
8152.617 0.1227797
8153.282 0.1233632
8153.946 0.1238308
8154.611 0.1207221
8155.276 0.1246077
8155.941 0.1229058
8156.607 0.1196537
8157.272 0.1242483
8157.938 0.1267699
8158.603 0.1273208
8159.269 0.1276235
8159.935 0.1220854
8160.601 0.128626
8161.267 0.1296328
8161.933 0.1304215
8162.599 0.1310775
8163.265 0.1312974
8163.932 0.1211784
8164.598 0.124062
8165.265 0.1334667
8165.932 0.1340718
8166.599 0.120263
8167.266 0.1337784
8167.933 0.1365725
8168.6 0.1371635
8169.267 0.1378932
8169.935 0.1387882
8170.602 0.1392873
8171.27 0.1352632
8171.938 0.125869
8172.605 0.1416547
8173.273 0.1434714
8173.941 0.144345
8174.61 0.1454275
8175.278 0.1459399
8175.946 0.1471315
8176.615 0.1475623
8177.284 0.1491721
8177.952 0.1500259
8178.621 0.1504955
8179.29 0.134824
8179.959 0.14664
8180.628 0.1498032
8181.297 0.1484185
8181.967 0.1557408
8182.636 0.1575769
8183.306 0.1586571
8183.976 0.1508077
8184.646 0.1603068
8185.315 0.161018
8185.985 0.1634116
8186.656 0.1644027
8187.326 0.1656842
8187.997 0.1666568
8188.667 0.1597226
8189.337 0.1690748
8190.008 0.1699834
8190.679 0.1713126
8191.35 0.1547354
8192.021 0.17272
8192.692 0.1751241
8193.363 0.1762148
8194.035 0.1774999
8194.706 0.1783748
8195.378 0.1653725
8196.05 0.1808474
8196.722 0.1824687
8197.394 0.1837061
8198.065 0.1849114
8198.737 0.1860371
8199.409 0.1863683
8200.082 0.1692065
8200.755 0.1890849
8201.427 0.1881703
8202.1 0.1881256
8202.772 0.1861485
8203.445 0.1932877
8204.118 0.1948843
8204.792 0.1959738
8205.465 0.1970112
8206.139 0.1980993
8206.812 0.198495
8207.485 0.2001878
8208.159 0.2012567
8208.833 0.2023249
8209.507 0.2033237
8210.181 0.2043504
8210.854 0.205121
8211.529 0.2043096
8212.203 0.2064724
8212.878 0.2061723
8213.553 0.2079765
8214.227 0.2039814
8214.901 0.2093166
8215.577 0.2104578
8216.252 0.211082
8216.927 0.2113997
8217.603 0.212686
8218.277 0.2135952
8218.953 0.2142521
8219.629 0.2149622
8220.304 0.2061424
8220.979 0.2159167
8221.656 0.216644
8222.332 0.2170587
8223.008 0.217583
8223.685 0.2130461
8224.36 0.21841
8225.037 0.2187672
8225.714 0.2191236
8226.391 0.2116213
8227.067 0.2202433
8227.744 0.2169317
8228.421 0.2206891
8229.098 0.2003761
8229.775 0.2200947
8230.453 0.1884142
8231.13 0.2115906
8231.808 0.2154841
8232.485 0.2217012
8233.163 0.2217449
8233.841 0.1966809
8234.52 0.2236889
8235.197 0.2242259
8235.875 0.214024
8236.554 0.2230951
8237.232 0.2250786
8237.911 0.2252926
8238.59 0.2250675
8239.269 0.2230432
8239.947 0.2259898
8240.626 0.2262717
8241.306 0.2265865
8241.984 0.2235821
8242.664 0.2266788
8243.344 0.2270892
8244.023 0.2273075
8244.703 0.2270836
8245.383 0.2247781
8246.062 0.2131978
8246.742 0.2278904
8247.423 0.2282236
8248.103 0.2284408
8248.783 0.2283106
8249.464 0.228798
8250.145 0.2290074
8250.825 0.2289894
8251.506 0.2294745
8252.187 0.2297269
8252.868 0.2299601
8253.549 0.2301344
8254.23 0.2303475
8254.912 0.2259737
8255.593 0.2307335
8256.274 0.2310822
8256.956 0.2311965
8257.639 0.2314671
8258.32 0.2303463
8259.002 0.2136751
8259.685 0.2319826
8260.367 0.2316905
8261.049 0.2328113
8261.731 0.2253976
8262.414 0.232711
8263.097 0.2338544
8263.78 0.2343272
8264.463 0.2347002
8265.146 0.2346963
8265.829 0.2294277
8266.513 0.2356793
8267.195 0.2356919
8267.879 0.2364826
8268.562 0.2368537
8269.247 0.2371258
8269.931 0.2375567
8270.614 0.2380307
8271.299 0.2378138
8271.982 0.2389855
8272.667 0.2394726
8273.352 0.2398984
8274.036 0.2328692
8274.721 0.2403408
8275.405 0.2404167
8276.091 0.2406342
8276.775 0.2241336
8277.461 0.2423568
8278.146 0.2429422
8278.831 0.2339339
8279.517 0.2440298
8280.202 0.2447702
8280.888 0.2448608
8281.573 0.2360597
8282.26 0.2458461
8282.945 0.2470987
8283.632 0.2473295
8284.317 0.2303982
8285.004 0.2486032
8285.69 0.2494823
8286.377 0.2501297
8287.063 0.2507346
8287.751 0.2512125
8288.438 0.2518807
8289.125 0.2522495
8289.812 0.2501139
8290.499 0.233451
8291.187 0.2537721
8291.874 0.2471867
8292.562 0.2554334
8293.249 0.2559509
8293.938 0.2568376
8294.625 0.2574615
8295.313 0.2580211
8296.001 0.2577488
8296.689 0.2424992
8297.378 0.2582222
8298.066 0.2600293
8298.755 0.2612231
8299.444 0.2618673
8300.133 0.2624182
8300.822 0.2629547
8301.511 0.2636007
8302.2 0.2635334
8302.89 0.2551332
8303.579 0.2654048
8304.269 0.2660723
8304.958 0.2666495
8305.647 0.2671132
8306.338 0.261707
8307.027 0.2533599
8307.718 0.2679762
8308.408 0.2694594
8309.099 0.2702612
8309.789 0.2705146
8310.479 0.2713674
8311.17 0.2717359
8311.861 0.2723563
8312.552 0.2726304
8313.243 0.2730422
8313.935 0.2693306
8314.625 0.2742101
8315.316 0.274736
8316.009 0.2740528
8316.7 0.2759504
8317.392 0.2763819
8318.084 0.2762056
8318.775 0.2732567
8319.468 0.2778611
8320.16 0.268258
8320.853 0.2780491
8321.545 0.2791111
8322.237 0.2794669
8322.93 0.2794443
8323.622 0.2591123
8324.315 0.2797506
8325.009 0.2808867
8325.701 0.2813116
8326.395 0.2816654
8327.088 0.2820427
8327.781 0.2821576
8328.475 0.2820566
8329.169 0.2816676
8329.862 0.2834531
8330.557 0.2833594
8331.251 0.2835431
8331.944 0.2788765
8332.639 0.2838134
8333.333 0.2842841
8334.028 0.2845632
8334.723 0.2833997
8335.417 0.2847356
8336.112 0.2820037
8336.807 0.2852679
8337.502 0.2837144
8338.197 0.2854864
8338.893 0.2858846
8339.588 0.2860414
8340.283 0.2861604
8340.979 0.2829021
8341.675 0.2800963
8342.371 0.286223
8343.067 0.2863001
8343.763 0.285942
8344.459 0.2846167
8345.155 0.2863852
8345.853 0.2864376
8346.549 0.2864414
8347.245 0.2865176
8347.942 0.2865454
8348.64 0.286428
8349.336 0.2862863
8350.033 0.286478
8350.73 0.2864757
8351.428 0.2836195
8352.126 0.2861325
8352.823 0.286299
8353.521 0.2862238
8354.219 0.2861005
8354.917 0.2860735
8355.615 0.2840912
8356.313 0.2858264
8357.012 0.2843036
8357.71 0.285772
8358.408 0.2856965
8359.107 0.2830167
8359.806 0.2845335
8360.505 0.2854598
8361.204 0.2853371
8361.903 0.2844925
8362.603 0.2850916
8363.302 0.2849688
8364.001 0.2836925
8364.701 0.2829452
8365.4 0.2846005
8366.101 0.2844535
8366.801 0.2843786
8367.501 0.2841119
8368.201 0.2840608
8368.901 0.2837463
8369.602 0.2820902
8370.302 0.2837123
8371.003 0.2836046
8371.704 0.2828753
8372.404 0.2833656
8373.105 0.2831385
8373.807 0.2830785
8374.508 0.2829707
8375.209 0.2826006
8375.911 0.282159
8376.612 0.2817177
8377.314 0.2823726
8378.016 0.2814551
8378.718 0.2804902
8379.42 0.2815731
8380.122 0.2819187
8380.824 0.2817483
8381.527 0.2816965
8382.229 0.2815737
8382.933 0.2814505
8383.635 0.281114
8384.338 0.2812044
8385.041 0.2810813
8385.744 0.2809344
8386.447 0.2799585
8387.151 0.2803093
8387.854 0.2796656
8388.558 0.2802998
8389.262 0.2801293
8389.966 0.2796751
8390.67 0.2800577
8391.374 0.2798971
8392.078 0.2797365
8392.782 0.2797883
8393.486 0.2796748
8394.191 0.2795612
8394.896 0.2794476
8395.601 0.2793106
8396.306 0.2783256
8397.011 0.2786596
8397.716 0.2789696
8398.421 0.2788794
8399.127 0.2783659
8399.832 0.2784168
8400.538 0.2785461
8401.243 0.278443
8401.949 0.2781755
8402.655 0.277955
8403.361 0.2781333
8404.067 0.27803
8404.773 0.2779267
8405.48 0.2777529
8406.187 0.2774388
8406.894 0.2775929
8407.601 0.2765297
8408.308 0.2772454
8409.015 0.2773056
8409.722 0.2772019
8410.429 0.276833
8411.137 0.2755474
8411.844 0.2762715
8412.552 0.2767377
8413.26 0.2764802
8413.967 0.2765027
8414.675 0.2763851
8415.384 0.2762906
8416.092 0.2761031
8416.8 0.2760321
8417.509 0.2748204
8418.217 0.27575
8418.926 0.2756786
8419.635 0.2751889
8420.344 0.2754157
8421.053 0.2744538
8421.762 0.2752101
8422.471 0.2750841
8423.181 0.2747724
8423.891 0.2748317
8424.6 0.2747056
8425.31 0.2745794
8426.02 0.2744531
8426.729 0.274327
8427.439 0.2742005
8428.15 0.274074
8428.86 0.2739477
8429.571 0.2738212
8430.281 0.2734612
8430.992 0.2735352
8431.703 0.273217
8432.414 0.2732676
8433.125 0.2723276
8433.837 0.2730229
8434.548 0.2728891
8435.26 0.2727551
8435.971 0.2726213
8436.683 0.2722345
8437.395 0.2723532
8438.106 0.2721963
8438.818 0.2710067
8439.531 0.2718592
8440.243 0.2714715
8440.955 0.2716767
8441.668 0.2715608
8442.381 0.2714221
8443.094 0.2711917
8443.807 0.2711445
8444.52 0.2705487
8445.232 0.2708212
8445.946 0.2707279
8446.659 0.2705663
8447.373 0.2701764
8448.087 0.2702883
8448.8 0.2699672
8449.514 0.2700332
8450.229 0.2698936
8450.942 0.2697307
8451.656 0.2696132
8452.371 0.2694274
8453.085 0.269219
8453.8 0.2691695
8454.515 0.268825
8455.229 0.2689116
8455.944 0.268771
8456.659 0.2686306
8457.375 0.26849
8458.09 0.2683496
8458.806 0.268209
8459.521 0.2680684
8460.237 0.2679282
8460.953 0.267789
8461.669 0.2676272
8462.385 0.2668565
8463.101 0.2673038
8463.817 0.2671643
8464.533 0.2670926
8465.25 0.2668857
8465.967 0.2667913
8466.684 0.2666743
8467.4 0.2665348
8468.117 0.2663954
8468.835 0.2662557
8469.552 0.2661163
8470.27 0.265955
8470.987 0.2658398
8471.704 0.2656128
8472.422 0.2655649
8473.141 0.2654271
8473.858 0.2652895
8474.576 0.2651519
8475.295 0.2650141
8476.013 0.2648541
8476.731 0.2647386
8477.45 0.2646008
8478.169 0.2644629
8478.888 0.2643251
8479.606 0.2641873
8480.325 0.2638275
8481.045 0.2638246
8481.765 0.2637327
8482.483 0.2631741
8483.203 0.2634822
8483.923 0.2633679
8484.643 0.2630982
8485.362 0.2630727
8486.083 0.2629582
8486.803 0.2628216
8487.523 0.2626627
8488.244 0.262526
8488.964 0.2619249
8489.685 0.2622307
8490.406 0.2620053
8491.127 0.261979
8491.848 0.2618422
8492.569 0.2617052
8493.29 0.2615684
8494.012 0.2611228
8494.733 0.2612945
8495.455 0.2611574
8496.177 0.2608223
8496.898 0.2608834
8497.621 0.2607461
8498.343 0.2605871
8499.065 0.2601863
8499.787 0.2603347
8500.51 0.2602008
8501.232 0.2600462
8501.955 0.2597382
8502.679 0.2597808
8503.401 0.2596481
8504.124 0.2595373
8504.848 0.2594044
8505.571 0.2590529
8506.295 0.2591386
8507.019 0.2590057
8507.742 0.2588509
8508.466 0.2583908
8509.189 0.2586069
8509.914 0.2584738
8510.639 0.2583399
8511.362 0.2582061
8512.087 0.2580504
8512.812 0.2578946
8513.536 0.2577824
8514.262 0.2569529
8514.986 0.2569929
8515.712 0.2572714
8516.437 0.2572459
8517.162 0.25709
8517.888 0.2569774
8518.613 0.2567349
8519.339 0.2567089
8520.064 0.2565747
8520.791 0.256441
8521.517 0.256221
8522.243 0.2556552
8522.97 0.25604
8523.696 0.2559063
8524.423 0.2557726
8525.149 0.2554663
8525.876 0.255505
8526.603 0.2553712
8527.33 0.2552372
8528.058 0.2551032
8528.784 0.2547759
8529.512 0.2548353
8530.239 0.2547021
8530.968 0.2545705
8531.695 0.254439
8532.423 0.2541788
8533.151 0.2541758
8533.88 0.2540655
8534.607 0.2539125
8535.336 0.2537808
8536.064 0.2536276
8536.794 0.2533247
8537.522 0.2533853
8538.251 0.2532534
8538.98 0.2529934
8539.71 0.2530107
8540.439 0.2528814
8541.168 0.252754
8541.898 0.2524559
8542.628 0.2524774
8543.357 0.2519668
8544.088 0.2522433
8544.817 0.2521156
8545.548 0.2519877
8546.278 0.2518599
8547.009 0.251732
8547.739 0.2516041
8548.47 0.2513065
8549.2 0.2513058
8549.932 0.2512412
8550.663 0.2510963
8551.394 0.2509944
8552.125 0.2508712
8552.856 0.2507479
8553.588 0.2506246
8554.32 0.2505011
8555.052 0.2503777
8555.784 0.2500221
8556.516 0.2501097
8557.248 0.2499439
8557.98 0.2498835
8558.713 0.2496334
8559.445 0.2496361
8560.178 0.2495345
8560.911 0.2494148
8561.644 0.2492952
8562.377 0.2491545
8563.11 0.2490558
8563.844 0.248936
8564.577 0.2487113
8565.311 0.2486963
8566.044 0.2485764
8566.778 0.2484563
8567.512 0.2483364
8568.246 0.2482162
8568.98 0.2480752
8569.715 0.2479759
8570.449 0.2478777
8571.184 0.2477593
8571.918 0.2476409
8572.653 0.2475223
8573.389 0.2474036
8574.123 0.2471809
8574.858 0.2471664
8575.594 0.2467977
8576.329 0.2469289
8577.064 0.2467476
8577.801 0.246691
8578.536 0.2465721
8579.272 0.246453
8580.009 0.246334
8580.745 0.2462375
8581.481 0.2461204
8582.218 0.2460032
8582.954 0.2458859
8583.691 0.2457685
8584.428 0.2456512
8585.165 0.245513
8585.902 0.2454161
8586.64 0.2452986
8587.377 0.245181
8588.114 0.2450634
8588.852 0.2449457
8589.59 0.2448485
8590.327 0.2447289
8591.065 0.2446065
8591.804 0.2443812
8592.542 0.2443207
8593.28 0.2442395
8594.019 0.2441171
8594.757 0.2439946
8595.496 0.243872
8596.234 0.2437495
8596.974 0.2436268
8597.713 0.2435041
8598.452 0.2434019
8599.191 0.2432791
8599.932 0.2431562
8600.671 0.2430311
8601.41 0.2429057
8602.15 0.2427802
8602.891 0.2426546
8603.631 0.242529
8604.371 0.2424035
8605.111 0.2422982
8605.852 0.2421725
8606.593 0.2420263
8607.333 0.241921
8608.074 0.241795
8608.815 0.2416691
8609.557 0.2415432
8610.298 0.241414
8611.039 0.2412799
8611.781 0.2411456
8612.522 0.2409709
8613.265 0.2408773
8614.007 0.2407632
8614.748 0.2406291
8615.49 0.2404947
8616.233 0.2403602
8616.976 0.2402258
8617.718 0.2400914
8618.461 0.2399568
8619.203 0.2398224
8619.946 0.2396878
8620.689 0.239547
8621.433 0.2394259
8622.176 0.2392645
8622.92 0.2391432
8623.663 0.2389817
8624.407 0.2388604
8625.151 0.2386988
8625.895 0.2385775
8626.639 0.2384159
8627.384 0.2382943
8628.128 0.2381327
8628.872 0.2380112
8629.617 0.2378895
8630.361 0.2377059
8631.106 0.2376003
8631.852 0.2374346
8632.597 0.2373089
8633.342 0.2371632
8634.087 0.2369975
8634.833 0.2368716
8635.578 0.2367059
8636.324 0.2365799
8637.07 0.236434
8637.816 0.2362682
8638.562 0.2361623
8639.309 0.2359963
8640.056 0.23587
8640.802 0.2357244
8641.549 0.2355587
8642.295 0.2354329
8643.042 0.2352871
8643.789 0.2351412
8644.537 0.2349952
8645.284 0.2348493
8646.031 0.2347035
8646.779 0.2345772
8647.526 0.2344313
8648.274 0.2342852
8649.022 0.2341195
8649.771 0.2339929
8650.519 0.2338499
8651.268 0.2337077
8652.016 0.2335657
8652.765 0.2334235
8653.514 0.2332616
8654.263 0.233139
8655.012 0.2329968
8655.761 0.2328742
8656.51 0.2327123
8657.259 0.2325896
8658.009 0.2324277
8658.759 0.2323047
8659.508 0.2321625
8660.258 0.2320225
8661.008 0.2318871
8661.759 0.2317322
8662.509 0.2316164
8663.259 0.2314616
8664.01 0.2313455
8664.761 0.2312099
8665.512 0.2310744
8666.263 0.2309194
8667.014 0.2308227
8667.765 0.2306482
8668.516 0.2305514
8669.268 0.2304156
8670.02 0.2302799
8670.771 0.2301524
8671.522 0.2300056
8672.274 0.2298975
8673.027 0.2297504
8673.779 0.2296421
8674.531 0.2295144
8675.284 0.2293866
8676.037 0.2292587
8676.79 0.2291309
8677.543 0.2290029
8678.296 0.228875
8679.049 0.2287663
8679.802 0.2286383
8680.556 0.2285159
8681.31 0.2283955
8682.062 0.2282754
8682.816 0.2281357
8683.57 0.2280344
8684.325 0.2279137
8685.079 0.2277932
8685.833 0.2276726
8686.588 0.2275518
8687.343 0.2274311
8688.098 0.2273102
8688.853 0.2271894
8689.607 0.2270684
8690.362 0.22695
8691.118 0.2268531
8691.873 0.2267373
8692.629 0.2266213
8693.385 0.2265052
8694.141 0.2263891
8694.896 0.2262729
8695.652 0.2261567
8696.408 0.2260404
8697.165 0.225924
8697.921 0.2258077
8698.678 0.2256912
8699.435 0.2255746
8700.191 0.2254592
8700.948 0.225347
8701.705 0.2252348
8702.463 0.2251224
8703.22 0.2250101
8703.978 0.2248976
8704.735 0.2247851
8705.493 0.2246725
8706.251 0.2245599
8707.009 0.2244661
8707.768 0.2243532
8708.525 0.2242404
8709.284 0.2241274
8710.043 0.2239954
8710.802 0.2238988
8711.561 0.2237832
8712.319 0.2236676
8713.078 0.223552
8713.838 0.2234361
8714.597 0.2233204
8715.356 0.2232045
8716.116 0.2230885
8716.876 0.2229725
8717.636 0.2228564
8718.396 0.2227402
8719.156 0.222624
8719.916 0.2225078
8720.677 0.2224133
8721.438 0.2223004
8722.198 0.2221877
8722.959 0.2220748
8723.72 0.2219619
8724.48 0.2218489
8725.242 0.2217358
8726.004 0.2216226
8726.765 0.2215095
8727.526 0.2213963
8728.288 0.221283
8729.05 0.2211697
8729.812 0.2210563
8730.574 0.2209375
8731.337 0.2208169
8732.1 0.2206963
8732.861 0.2205759
8733.624 0.2204552
8734.388 0.2203344
8735.15 0.2202137
8735.913 0.220093
8736.677 0.2199906
8737.439 0.2198698
8738.203 0.2197488
8738.967 0.2196278
8739.73 0.2195068
8740.495 0.2193804
8741.259 0.2192512
8742.022 0.2191221
8742.787 0.2189927
8743.552 0.2188634
8744.316 0.2187341
8745.081 0.2186047
8745.846 0.2184753
8746.61 0.2183458
8747.376 0.2182162
8748.141 0.2180868
8748.906 0.2179571
8749.672 0.2178274
8750.438 0.2176937
8751.203 0.217539
8751.969 0.2174207
8752.735 0.2172839
8753.501 0.2171473
8754.268 0.2170105
8755.034 0.2168737
8755.801 0.2167551
8756.567 0.2166183
8757.334 0.2164814
8758.102 0.2163444
8758.868 0.2162075
8759.636 0.2160705
8760.403 0.2159311
8761.171 0.2157534
8761.938 0.2156482
8762.706 0.2155068
8763.474 0.2153472
8764.242 0.2152237
8765.01 0.2150822
8765.778 0.2149405
8766.547 0.2147989
8767.315 0.2146572
8768.084 0.2145155
8768.854 0.2143736
8769.622 0.2142319
8770.392 0.2140897
8771.16 0.2139474
8771.93 0.2138049
8772.699 0.2136444
8773.469 0.2135198
8774.239 0.2133772
8775.009 0.2132346
8775.779 0.2130919
8776.549 0.2129494
8777.319 0.2128066
8778.09 0.2126818
8778.86 0.212539
8779.631 0.2123963
8780.402 0.2122546
8781.173 0.2120962
8781.944 0.2119734
8782.716 0.2117436
8783.487 0.2116742
8784.259 0.2115513
8785.03 0.2113928
8785.802 0.2112699
8786.574 0.211129
8787.347 0.2109703
8788.118 0.2108119
8788.891 0.2107064
8789.663 0.2105478
8790.436 0.2104274
8791.209 0.2102912
8791.981 0.2101552
8792.755 0.2100191
8793.528 0.2098828
8794.302 0.2097467
8795.075 0.2096104
8795.849 0.2094742
8796.622 0.209338
8797.396 0.2092015
8798.17 0.2090653
8798.944 0.2089288
8799.719 0.2087924
8800.493 0.2086581
8801.268 0.2085252
8802.042 0.2083396
8802.817 0.2082591
8803.592 0.2081261
8804.367 0.2079929
8805.143 0.2078598
8805.918 0.2075867
8806.693 0.2075933
8807.469 0.2074426
8808.244 0.2073443
8809.021 0.2072106
8809.797 0.2070774
8810.572 0.2069487
8811.349 0.2068216
8812.125 0.206677
8812.902 0.206567
8813.679 0.2064225
8814.456 0.2061563
8815.232 0.2061852
8816.01 0.2060578
8816.787 0.2059303
8817.564 0.2058028
8818.342 0.2056753
8819.12 0.2055476
8819.897 0.2054201
8820.676 0.2052969
8821.454 0.2050881
8822.232 0.2050346
8823.011 0.2047569
8823.789 0.2048067
8824.567 0.2046152
8825.347 0.2045613
8826.125 0.2044386
8826.904 0.2043158
8827.684 0.2041929
8828.463 0.2040699
8829.242 0.203947
8830.022 0.2038239
8830.802 0.203704
8831.582 0.2035839
8832.361 0.2034639
8833.142 0.2033265
8833.922 0.2030696
8834.703 0.2031031
8835.483 0.2029827
8836.264 0.2028624
8837.045 0.2027419
8837.826 0.2024679
8838.607 0.2024667
8839.389 0.2023801
8840.17 0.2022597
8840.951 0.202072
8841.733 0.2020202
8842.515 0.2019175
8843.297 0.2017976
8844.079 0.2016777
8844.861 0.2015577
8845.644 0.2014377
8846.426 0.2013177
8847.209 0.2011974
8847.991 0.2010604
8848.774 0.2008556
8849.558 0.2008367
8850.341 0.2006819
8851.124 0.2005939
8851.907 0.200472
8852.691 0.20035
8853.475 0.2001943
8854.259 0.2000891
8855.043 0.1998324
8855.827 0.1998616
8856.611 0.1997395
8857.396 0.1996171
8858.181 0.1994948
8858.965 0.1993557
8859.75 0.1987135
8860.535 0.1990922
8861.32 0.1985485
8862.105 0.1988754
8862.891 0.1987502
8863.677 0.1986247
8864.462 0.1984995
8865.248 0.198374
8866.034 0.1982485
8866.82 0.198123
8867.606 0.1979974
8868.393 0.197539
8869.18 0.1977294
8869.966 0.1976204
8870.753 0.1974909
8871.54 0.1972615
8872.327 0.1972148
8873.114 0.1971015
8873.901 0.1969717
8874.689 0.196792
8875.478 0.1967116
8876.265 0.1965818
8877.053 0.1964516
8877.841 0.1963215
8878.629 0.1961914
8879.418 0.196061
8880.206 0.1958804
8880.995 0.1957629
8881.783 0.19474
8882.572 0.1955279
8883.361 0.1953938
8884.15 0.1952104
8884.94 0.1949612
8885.729 0.1949914
8886.52 0.1948733
8887.309 0.194739
8888.099 0.1946047
8888.889 0.1944539
8889.679 0.1943358
8890.47 0.1941826
8891.26 0.1940445
8892.051 0.1939225
8892.841 0.1937843
8893.632 0.1936458
8894.423 0.1935074
8895.215 0.1933689
8896.006 0.1931654
8896.797 0.1929458
8897.589 0.1929533
8898.381 0.1927985
8899.173 0.1923357
8899.965 0.1925373
8900.757 0.192399
8901.549 0.1921312
8902.342 0.192122
8903.134 0.1915637
8903.927 0.1918288
8904.72 0.1917064
8905.513 0.1915677
8906.306 0.1914291
8907.099 0.1912903
8907.893 0.1911515
8908.686 0.1910128
8909.479 0.1906653
8910.273 0.1906054
8911.067 0.1905912
8911.861 0.1904487
8912.656 0.190306
8913.45 0.1900515
8914.245 0.1900207
8915.04 0.1898939
8915.835 0.1897512
8916.63 0.1896084
8917.425 0.1894497
8918.22 0.1891795
8919.016 0.1891639
8919.811 0.1880349
8920.606 0.1888431
8921.402 0.1887117
8922.198 0.1880092
8922.994 0.1884173
8923.791 0.1882856
8924.587 0.1881542
8925.384 0.1880067
8926.181 0.1878592
8926.978 0.1877118
8927.774 0.1875643
8928.571 0.187401
8929.369 0.1870958
8930.166 0.1871041
8930.964 0.1868379
8931.762 0.1851566
8932.56 0.1847502
8933.357 0.1864011
8934.155 0.186198
8934.953 0.1860106
8935.752 0.1859796
8936.551 0.1839457
8937.35 0.1856826
8938.148 0.1854015
8938.947 0.1853856
8939.746 0.1852292
8940.545 0.1850664
8941.345 0.1849004
8942.145 0.1846567
8942.944 0.1825794
8943.744 0.1842783
8944.544 0.1829495
8945.344 0.1840085
8946.145 0.1838889
8946.944 0.1834911
8947.745 0.1835414
8948.546 0.1816461
8949.347 0.1813427
8950.147 0.18301
8950.949 0.1818454
8951.75 0.1820824
8952.552 0.1824869
8953.354 0.1818319
8954.154 0.1805641
8954.957 0.1793427
8955.759 0.1816621
8956.561 0.1774712
8957.363 0.1735931
8958.165 0.1810786
8958.968 0.1809145
8959.771 0.1806437
8960.573 0.1776349
8961.377 0.1802699
8962.18 0.1802702
8962.982 0.1798913
8963.786 0.1796488
8964.59 0.1714776
8965.394 0.1762139
8966.197 0.1736555
8967.001 0.1788764
8967.806 0.1687784
8968.61 0.1735668
8969.414 0.1781508
8970.219 0.1782482
8971.023 0.178029
8971.828 0.1771212
8972.634 0.1775158
8973.438 0.173107
8974.244 0.1628107
8975.05 0.1726943
8975.854 0.1763729
8976.661 0.1728191
8977.467 0.1703525
8978.272 0.1759398
8979.079 0.1738691
8979.885 0.1756359
8980.691 0.1753801
8981.498 0.1750617
8982.305 0.1741842
8983.111 0.1539784
8983.919 0.172889
8984.726 0.1740994
8985.533 0.1739138
8986.341 0.1736404
8987.148 0.173163
8987.956 0.1729924
8988.764 0.1602983
8989.572 0.1675632
8990.38 0.1503621
8991.188 0.1643487
8991.997 0.16959
8992.806 0.1699587
8993.614 0.1559215
8994.424 0.1448578
8995.232 0.1689645
8996.042 0.1701904
8996.852 0.170235
8997.66 0.1698642
8998.471 0.169736
8999.28 0.1694652
9000.09 0.1691202
9000.9 0.168763
9001.71 0.1680093
9002.521 0.1442699
9003.331 0.1599227
9004.142 0.1673674
9004.953 0.1671388
9005.764 0.1568068
9006.575 0.1560569
9007.386 0.1662716
9008.197 0.1658194
9009.009 0.1639
9009.82 0.1558432
9010.633 0.1633587
9011.444 0.1625773
9012.257 0.1645453
9013.069 0.1640538
9013.882 0.1565332
9014.694 0.1528658
9015.507 0.1630937
9016.319 0.162399
9017.133 0.1625686
9017.945 0.1619716
9018.759 0.1468727
9019.572 0.1380637
9020.386 0.1595627
9021.2 0.1607916
9022.014 0.1606333
9022.828 0.1600423
9023.642 0.1598032
9024.456 0.1584747
9025.271 0.1420277
9026.085 0.1585755
9026.9 0.1581092
9027.715 0.1562836
9028.53 0.1359352
9029.346 0.1569943
9030.161 0.1571355
9030.977 0.1567304
9031.792 0.1543875
9032.607 0.1557904
9033.424 0.1551901
9034.24 0.1481376
9035.056 0.1547904
9035.872 0.1547003
9036.688 0.1543236
9037.506 0.1532861
9038.322 0.1536358
9039.14 0.1532856
9039.957 0.1529229
9040.773 0.1524958
9041.592 0.1520421
9042.409 0.1488908
9043.227 0.1508067
9044.045 0.1508899
9044.862 0.148739
9045.681 0.1443412
9046.499 0.149842
9047.317 0.1495308
9048.136 0.1491695
9048.955 0.1487956
9049.773 0.1469484
9050.593 0.1479936
9051.412 0.1470412
9052.231 0.1472693
9053.051 0.1468397
9053.87 0.1453873
9054.69 0.1457854
9055.511 0.1366091
9056.33 0.1452127
9057.15 0.1449564
9057.971 0.144627
9058.792 0.1442488
9059.612 0.1437626
9060.433 0.1433845
9061.254 0.1431015
9062.075 0.1425904
9062.896 0.1353418
9063.718 0.141655
9064.539 0.1404316
9065.361 0.1371604
9066.184 0.1364959
9067.005 0.1402431
9067.827 0.1397492
9068.649 0.1395384
9069.472 0.1392217
9070.295 0.138356
9071.117 0.1354021
9071.94 0.1124071
9072.764 0.1372195
9073.587 0.1368377
9074.41 0.1189483
9075.233 0.1352462
9076.058 0.1359126
9076.881 0.1279943
9077.705 0.135471
9078.529 0.1351925
9079.354 0.1348573
9080.178 0.1344667
9081.003 0.1338203
9081.827 0.1276696
9082.652 0.1238364
9083.478 0.1214631
9084.303 0.1315446
9085.128 0.1322213
9085.953 0.1318376
9086.778 0.1315762
9087.604 0.1304643
9088.431 0.1303474
9089.257 0.1132545
9090.083 0.1290822
9090.909 0.1296928
9091.735 0.1292961
9092.562 0.1257319
9093.389 0.1286449
9094.216 0.1282278
9095.043 0.1231625
9095.87 0.1257929
9096.698 0.1237254
9097.525 0.1240821
9098.354 0.1264401
9099.181 0.126271
9100.009 0.1257726
9100.837 0.122844
9101.666 0.1241854
9102.494 0.1119419
9103.322 0.1180313
9104.151 0.1238182
9104.98 0.1238397
9105.81 0.1234854
9106.639 0.1231005
9107.468 0.1164956
9108.298 0.1195853
9109.127 0.119602
9109.957 0.1145677
9110.787 0.116371
9111.617 0.1209853
9112.447 0.1207967
9113.278 0.1202324
9114.108 0.1201047
9114.939 0.1198248
9115.771 0.1189916
9116.602 0.1189544
9117.433 0.1187756
9118.264 0.1171797
9119.096 0.1169141
9119.927 0.1161125
9120.759 0.1110923
9121.591 0.1029429
9122.423 0.1165048
9123.255 0.1163071
9124.088 0.1162162
9124.92 0.1159006
9125.753 0.1155557
9126.586 0.1131531
9127.419 0.113997
9128.252 0.1145239
9129.085 0.1140464
9129.919 0.1117355
9130.752 0.1087007
9131.586 0.1124633
9132.42 0.1078193
9133.254 0.1005282
9134.089 0.1118306
9134.923 0.10953
9135.758 0.1115134
9136.592 0.1081251
9137.427 0.1083785
9138.262 0.1038441
9139.097 0.0984662
9139.933 0.1052491
9140.768 0.1095565
9141.604 0.1092909
9142.439 0.1086953
9143.275 0.1072046
9144.111 0.1082479
9144.947 0.1074652
9145.784 0.1069115
9146.62 0.1054373
9147.457 0.1061971
9148.294 0.1060604
9149.131 0.106057
9149.968 0.1058735
9150.806 0.1049349
9151.643 0.1051074
9152.48 0.1022973
9153.318 0.1036036
9154.156 0.1017525
9154.994 0.0968979
9155.832 0.096959
9156.671 0.1027344
9157.509 0.0922847
9158.348 0.0893937
9159.187 0.1002366
9160.025 0.101591
9160.865 0.1012561
9161.704 0.1009388
9162.544 0.0982206
9163.383 0.0978956
9164.223 0.0998691
9165.062 0.0988241
9165.903 0.0990517
9166.743 0.0973297
9167.583 0.0984532
9168.424 0.0980958
9169.265 0.0976731
9170.105 0.0946711
9170.946 0.0960209
9171.787 0.0953611
9172.629 0.0961613
9173.471 0.0953643
9174.312 0.0948603
9175.153 0.0906463
9175.995 0.0938002
9176.838 0.0838958
9177.68 0.0887814
9178.522 0.0930684
9179.365 0.0879459
9180.207 0.09259
9181.051 0.091081
9181.894 0.0917264
9182.736 0.0914384
9183.58 0.0886459
9184.423 0.090342
9185.267 0.0901838
9186.11 0.0892677
9186.954 0.0855713
9187.799 0.0853914
9188.643 0.0883933
9189.487 0.0881576
9190.332 0.0878238
9191.177 0.087484
9192.021 0.0870783
9192.866 0.0860463
9193.712 0.0858183
9194.557 0.0856977
9195.402 0.0835896
9196.248 0.0849698
9197.094 0.0844675
9197.939 0.0789918
9198.786 0.0814482
9199.632 0.0832841
9200.479 0.0828726
9201.325 0.0821068
9202.172 0.0820003
9203.019 0.0815549
9203.865 0.0811377
9204.713 0.0807477
9205.561 0.0803241
9206.407 0.079848
9207.255 0.0792924
9208.104 0.0779136
9208.951 0.0778363
9209.799 0.0780909
9210.647 0.0770465
9211.496 0.0766632
9212.345 0.0768034
9213.193 0.0763017
9214.042 0.0759801
9214.892 0.0754544
9215.74 0.0741471
9216.59 0.0743959
9217.439 0.0717589
9218.289 0.0734683
9219.139 0.0721288
9219.989 0.0706562
9220.839 0.0724856
9221.689 0.0720345
9222.54 0.0715
9223.391 0.0711828
9224.241 0.0699723
9225.092 0.0702626
9225.943 0.069874
9226.795 0.0694097
9227.646 0.067045
9228.498 0.0685651
9229.35 0.0681494
9230.201 0.0676883
9231.054 0.0668136
9231.905 0.0662154
9232.758 0.0660275
9233.61 0.0657373
9234.463 0.0655396
9235.315 0.0643703
9236.169 0.0646802
9237.022 0.0631046
9237.875 0.0632869
9238.729 0.0633271
9239.582 0.0626574
9240.437 0.0613448
9241.29 0.061314
9242.145 0.061558
9242.998 0.0607062
9243.853 0.0608641
9244.707 0.0603793
9245.562 0.0593811
9246.417 0.0595045
9247.272 0.0577268
9248.127 0.0585844
9248.982 0.0562303
9249.838 0.0579177
9250.693 0.0575448
9251.55 0.0570245
9252.405 0.0562205
9253.262 0.0544277
9254.118 0.0557601
9254.975 0.0553498
9255.831 0.0549126
9256.688 0.054292
9257.545 0.054174
9258.402 0.053925
9259.259 0.0533375
9260.116 0.0531299
9260.975 0.0526421
9261.832 0.0519454
9262.689 0.050574
9263.548 0.0509709
9264.406 0.0502342
9265.265 0.0506254
9266.123 0.0503386
9266.981 0.0500679
9267.841 0.0496538
9268.699 0.0491129
9269.559 0.0488709
9270.418 0.048557
9271.277 0.0480234
9272.138 0.0476012
9272.997 0.0472369
9273.857 0.0470511
9274.717 0.046455
9275.577 0.0452055
9276.438 0.0458047
9277.299 0.0453783
9278.159 0.0451136
9279.021 0.0444768
9279.881 0.0438798
9280.742 0.0439266
9281.604 0.0398887
9282.466 0.0413305
9283.327 0.0430334
9284.189 0.0427294
9285.051 0.042179
9285.913 0.0421613
9286.775 0.0414205
9287.638 0.0392649
9288.501 0.0407643
9289.363 0.0391597
9290.227 0.0401837
9291.09 0.038908
9291.953 0.0395075
9292.816 0.0394774
9293.681 0.0377796
9294.544 0.0388807
9295.408 0.0376638
9296.272 0.0380462
9297.137 0.034651
9298.001 0.0366826
9298.865 0.0371297
9299.73 0.035855
9300.596 0.0337849
9301.46 0.0361005
9302.325 0.0360519
9303.191 0.0303206
9304.057 0.0345112
9304.922 0.0350436
9305.788 0.0347787
9306.654 0.0315259
9307.521 0.0335279
9308.387 0.0340569
9309.253 0.0336066
9310.12 0.0296526
9310.987 0.0295263
9311.854 0.0234733
9312.721 0.0321712
9313.589 0.0323235
9314.456 0.0309016
9315.323 0.0317147
9316.191 0.0310668
9317.06 0.0310725
9317.928 0.0273766
9318.796 0.0226842
9319.664 0.0193579
9320.533 0.0299028
9321.402 0.0242519
9322.271 0.0293778
9323.14 0.0276658
9324.01 0.0290609
9324.879 0.0267966
9325.748 0.0246372
9326.618 0.0248115
9327.488 0.0201321
9328.358 0.0225473
9329.229 0.02745
9330.099 0.0226461
9330.97 0.0264618
9331.84 0.0269256
9332.711 0.0255459
9333.582 0.0260363
9334.453 0.0232299
9335.325 0.0254458
9336.196 0.0176987
9337.068 0.0182072
9337.94 0.0241957
9338.812 0.022516
9339.685 0.0224445
9340.557 0.0215751
9341.43 0.0230361
9342.302 0.0176295
9343.175 0.0236858
9344.048 0.0231569
9344.921 0.0118109
9345.794 0.016298
9346.668 0.0146899
9347.542 0.0204407
9348.415 0.0128157
9349.289 0.0212606
9350.164 0.0220297
9351.038 0.0217542
9351.912 0.0218166
9352.787 0.0208314
9353.662 0.0214012
9354.537 0.0210725
9355.412 0.018006
9356.287 0.0148469
9357.163 0.0121204
9358.038 0.0193904
9358.914 0.0197785
9359.79 0.0151465
9360.666 0.0118578
9361.543 0.0117735
9362.419 0.0191711
9363.296 0.0190742
9364.173 0.018174
9365.05 0.0188799
9365.927 0.0182072
9366.804 0.0181303
9367.682 0.0135948
9368.56 0.0134408
9369.437 0.0169299
9370.314 0.0172844
9371.193 0.0170905
9372.071 0.0114528
9372.949 0.0161157
9373.828 0.007216
9374.707 0.0151294
9375.586 0.0162689
9376.465 0.0165174
9377.345 0.0163957
9378.224 0.015284
9379.104 0.0158011
9379.983 0.0100628
9380.863 0.0143708
9381.743 0.0150405
9382.623 0.0138726
9383.504 0.007915
9384.385 0.0128188
9385.265 0.0148942
9386.146 0.0144149
9387.027 0.0147701
9387.908 0.0145927
9388.79 0.0131772
9389.671 0.0080577
9390.553 0.0130993
9391.435 0.014064
9392.317 0.0139565
9393.199 0.0137635
9394.082 0.0127847
9394.964 0.013479
9395.847 0.0134149
9396.729 0.0129957
9397.613 0.0131352
9398.496 0.0127532
9399.38 0.0127513
9400.264 0.0127132
9401.146 0.0105158
9402.031 0.0121612
9402.915 0.0115648
9403.799 0.0111315
9404.684 0.0119651
9405.568 0.0116333
9406.453 0.0114407
9407.338 0.0113845
9408.223 0.0114611
9409.108 0.0107393
9409.993 0.011311
9410.879 0.0111943
9411.765 0.0102183
9412.65 0.0079925
9413.537 0.0101277
9414.423 0.0106326
9415.31 0.0105919
9416.196 0.0099469
9417.083 0.0104323
9417.97 0.0103353
9418.856 0.0101933
9419.744 0.0096572
9420.631 0.0070837
9421.519 0.0098429
9422.406 0.0097695
9423.294 0.0094759
9424.183 0.0081626
9425.07 0.0094016
9425.959 0.0093962
9426.848 0.0092684
9427.736 0.0090516
9428.625 0.0086172
9429.515 0.0044257
9430.403 0.0053094
9431.293 0.007847
9432.183 0.0085507
9433.072 0.0063947
9433.962 0.0083879
9434.853 0.0084379
9435.742 0.0083638
9436.633 0.0082937
9437.523 0.0081832
9438.414 0.0080953
9439.306 0.0078939
9440.196 0.0055733
9441.088 0.0066372
9441.979 0.0074376
9442.871 0.0037763
9443.763 0.0040687
9444.654 0.0069403
9445.547 0.0057479
9446.438 0.0071436
9447.331 0.0069337
9448.224 0.0064391
9449.116 0.0070447
9450.01 0.0070908
9450.902 0.007013
9451.796 0.0065487
9452.689 0.0062577
9453.583 0.0067928
9454.477 0.0067132
9455.371 0.006604
9456.265 0.0057809
9457.159 0.00529
9458.054 0.0061998
9458.948 0.004318
9459.843 0.0061322
9460.738 0.0062093
9461.633 0.0060721
9462.528 0.0039001
9463.424 0.0047386
9464.319 0.0045157
9465.216 0.0059095
9466.111 0.0058842
9467.008 0.0055604
9467.903 0.0054097
9468.801 0.0057003
9469.697 0.0055495
9470.594 0.0054073
9471.491 0.0049359
9472.388 0.0044971
9473.285 0.005161
9474.183 0.0053851
9475.08 0.0053188
9475.979 0.0052332
9476.876 0.0044541
9477.774 0.0047011
9478.673 0.0048581
9479.571 0.0049694
9480.471 0.005012
9481.369 0.0049208
9482.269 0.0045125
9483.167 0.0034121
9484.066 0.0028459
9484.967 0.0040696
9485.866 0.0046776
9486.766 0.0046683
9487.666 0.0045623
9488.566 0.0044644
9489.467 0.0044347
9490.367 0.0043829
9491.268 0.004454
9492.169 0.0043597
9493.07 0.0043631
9493.972 0.0042631
9494.873 0.0042536
9495.774 0.0035776
9496.676 0.0022292
9497.578 0.0038021
9498.48 0.0040386
9499.383 0.0038627
9500.285 0.0030337
9501.188 0.0038884
9502.091 0.0035256
9502.993 0.0033665
9503.896 0.0019276